0.0000 0.0000
0.5000 0.0000
1.0000 0.0002
1.5000 0.0006
2.0000 0.0013
2.5000 0.0025
3.0000 0.0043
3.5000 0.0067
4.0000 0.0099
4.5000 0.0139
5.0000 0.0189
5.5000 0.0248
6.0000 0.0318
6.5000 0.0400
7.0000 0.0494
7.5000 0.0601
8.0000 0.0721
8.5000 0.0855
9.0000 0.1004
9.5000 0.1168
10.0000 0.1347
10.5000 0.1543
11.0000 0.1755
11.5000 0.1985
12.0000 0.2232
12.5000 0.2497
13.0000 0.2780
13.5000 0.3082
14.0000 0.3403
14.5000 0.3743
15.0000 0.4103
15.5000 0.4483
16.0000 0.4883
16.5000 0.5304
17.0000 0.5746
17.5000 0.6209
18.0000 0.6693
18.5000 0.7199
19.0000 0.7727
19.5000 0.8276
20.0000 0.8848
20.5000 0.9443
21.0000 1.0060
21.5000 1.0699
22.0000 1.1362
22.5000 1.2047
23.0000 1.2756
23.5000 1.3488
24.0000 1.4243
24.5000 1.5022
25.0000 1.5824
25.5000 1.6650
26.0000 1.7500
26.5000 1.8373
27.0000 1.9270
27.5000 2.0191
28.0000 2.1137
28.5000 2.2106
29.0000 2.3100
29.5000 2.4118
30.0000 2.5160
30.5000 2.6227
31.0000 2.7319
31.5000 2.8435
32.0000 2.9576
32.5000 3.0742
33.0000 3.1932
33.5000 3.3148
34.0000 3.4389
34.5000 3.5655
35.0000 3.6946
35.5000 3.8263
36.0000 3.9605
36.5000 4.0972
37.0000 4.2365
37.5000 4.3784
38.0000 4.5228
38.5000 4.6698
39.0000 4.8194
39.5000 4.9715
40.0000 5.1263
40.5000 5.2836
41.0000 5.4435
41.5000 5.6060
42.0000 5.7711
42.5000 5.9388
43.0000 6.1091
43.5000 6.2820
44.0000 6.4574
44.5000 6.6355
45.0000 6.8162
45.5000 6.9995
46.0000 7.1854
46.5000 7.3739
47.0000 7.5649
47.5000 7.7586
48.0000 7.9548
48.5000 8.1536
49.0000 8.3549
49.5000 8.5588
50.0000 8.7653
50.5000 8.9742
51.0000 9.1857
51.5000 9.3997
52.0000 9.6162
52.5000 9.8352
53.0000 10.0566
53.5000 10.2805
54.0000 10.5069
54.5000 10.7356
55.0000 10.9667
55.5000 11.2002
56.0000 11.4361
56.5000 11.6743
57.0000 11.9148
57.5000 12.1575
58.0000 12.4025
58.5000 12.6497
59.0000 12.8992
59.5000 13.1507
60.0000 13.4044
60.5000 13.6602
61.0000 13.9181
61.5000 14.1780
62.0000 14.4399
62.5000 14.7037
63.0000 14.9695
63.5000 15.2371
64.0000 15.5066
64.5000 15.7778
65.0000 16.0508
65.5000 16.3255
66.0000 16.6019
66.5000 16.8799
67.0000 17.1595
67.5000 17.4405
68.0000 17.7231
68.5000 18.0070
69.0000 18.2924
69.5000 18.5791
70.0000 18.8670
70.5000 19.1561
71.0000 19.4465
71.5000 19.7379
72.0000 20.0304
72.5000 20.3239
73.0000 20.6183
73.5000 20.9136
74.0000 21.2098
74.5000 21.5067
75.0000 21.8044
75.5000 22.1027
76.0000 22.4017
76.5000 22.7011
77.0000 23.0011
77.5000 23.3016
78.0000 23.6024
78.5000 23.9035
79.0000 24.2049
79.5000 24.5065
80.0000 24.8082
80.5000 25.1101
81.0000 25.4119
81.5000 25.7138
82.0000 26.0156
82.5000 26.3172
83.0000 26.6187
83.5000 26.9199
84.0000 27.2208
84.5000 27.5213
85.0000 27.8214
85.5000 28.1211
86.0000 28.4202
86.5000 28.7188
87.0000 29.0168
87.5000 29.3140
88.0000 29.6105
88.5000 29.9063
89.0000 30.2012
89.5000 30.4952
90.0000 30.7883
90.5000 31.0804
91.0000 31.3714
91.5000 31.6614
92.0000 31.9502
92.5000 32.2379
93.0000 32.5243
93.5000 32.8095
94.0000 33.0933
94.5000 33.3758
95.0000 33.6569
95.5000 33.9365
96.0000 34.2146
96.5000 34.4911
97.0000 34.7661
97.5000 35.0395
98.0000 35.3112
98.5000 35.5812
99.0000 35.8494
99.5000 36.1159
100.0000 36.3805
100.5000 36.6432
101.0000 36.9041
101.5000 37.1630
102.0000 37.4200
102.5000 37.6749
103.0000 37.9278
103.5000 38.1786
104.0000 38.4272
104.5000 38.6738
105.0000 38.9181
105.5000 39.1602
106.0000 39.4001
106.5000 39.6377
107.0000 39.8729
107.5000 40.1058
108.0000 40.3364
108.5000 40.5645
109.0000 40.7902
109.5000 41.0134
110.0000 41.2342
110.5000 41.4524
111.0000 41.6680
111.5000 41.8811
112.0000 42.0916
112.5000 42.2994
113.0000 42.5046
113.5000 42.7071
114.0000 42.9069
114.5000 43.1040
115.0000 43.2983
115.5000 43.4899
116.0000 43.6786
116.5000 43.8645
117.0000 44.0476
117.5000 44.2278
118.0000 44.4051
118.5000 44.5795
119.0000 44.7510
119.5000 44.9195
120.0000 45.0850
120.5000 45.2476
121.0000 45.4072
121.5000 45.5637
122.0000 45.7173
122.5000 45.8677
123.0000 46.0151
123.5000 46.1594
124.0000 46.3006
124.5000 46.4387
125.0000 46.5736
125.5000 46.7054
126.0000 46.8340
126.5000 46.9595
127.0000 47.0818
127.5000 47.2009
128.0000 47.3168
128.5000 47.4294
129.0000 47.5389
129.5000 47.6451
130.0000 47.7480
130.5000 47.8477
131.0000 47.9441
131.5000 48.0373
132.0000 48.1272
132.5000 48.2138
133.0000 48.2972
133.5000 48.3772
134.0000 48.4539
134.5000 48.5274
135.0000 48.5975
135.5000 48.6643
136.0000 48.7279
136.5000 48.7881
137.0000 48.8451
137.5000 48.8989
138.0000 48.9494
138.5000 48.9968
139.0000 49.0412
139.5000 49.0825
140.0000 49.1208
140.5000 49.1562
141.0000 49.1888
141.5000 49.2188
142.0000 49.2460
142.5000 49.2708
143.0000 49.2932
143.5000 49.3132
144.0000 49.3311
144.5000 49.3468
145.0000 49.3606
145.5000 49.3726
146.0000 49.3829
146.5000 49.3916
147.0000 49.3988
147.5000 49.4048
148.0000 49.4095
148.5000 49.4132
149.0000 49.4160
149.5000 49.4180
150.0000 49.4194
150.5000 49.4202
151.0000 49.4206
151.5000 49.4208
152.0000 49.4208
152.5000 49.4208
153.0000 49.4208
153.5000 49.4208
154.0000 49.4208
154.5000 49.4208
155.0000 49.4208
155.5000 49.4208
156.0000 49.4208
156.5000 49.4208
157.0000 49.4208
157.5000 49.4208
158.0000 49.4208
158.5000 49.4208
159.0000 49.4208
159.5000 49.4208
160.0000 49.4208
160.5000 49.4208
161.0000 49.4208
161.5000 49.4208
162.0000 49.4208
162.5000 49.4208
163.0000 49.4208
163.5000 49.4208
164.0000 49.4208
164.5000 49.4208
165.0000 49.4208
165.5000 49.4208
166.0000 49.4208
166.5000 49.4208
167.0000 49.4208
167.5000 49.4208
168.0000 49.4208
168.5000 49.4208
169.0000 49.4208
169.5000 49.4208
170.0000 49.4208
170.5000 49.4208
171.0000 49.4208
171.5000 49.4208
172.0000 49.4208
172.5000 49.4208
173.0000 49.4208
173.5000 49.4208
174.0000 49.4208
174.5000 49.4208
175.0000 49.4208
175.5000 49.4208
176.0000 49.4208
176.5000 49.4208
177.0000 49.4208
177.5000 49.4208
178.0000 49.4208
178.5000 49.4208
179.0000 49.4208
179.5000 49.4208
180.0000 49.4208
180.5000 49.4208
181.0000 49.4208
181.5000 49.4208
182.0000 49.4208
182.5000 49.4208
183.0000 49.4208
183.5000 49.4208
184.0000 49.4208
184.5000 49.4208
185.0000 49.4208
185.5000 49.4208
186.0000 49.4208
186.5000 49.4208
187.0000 49.4208
187.5000 49.4208
188.0000 49.4208
188.5000 49.4208
189.0000 49.4208
189.5000 49.4208
190.0000 49.4208
190.5000 49.4208
191.0000 49.4208
191.5000 49.4208
192.0000 49.4208
192.5000 49.4208
193.0000 49.4208
193.5000 49.4208
194.0000 49.4208
194.5000 49.4208
195.0000 49.4208
195.5000 49.4208
196.0000 49.4208
196.5000 49.4208
197.0000 49.4208
197.5000 49.4208
198.0000 49.4208
198.5000 49.4208
199.0000 49.4208
199.5000 49.4208
200.0000 49.4208
200.5000 49.4208
201.0000 49.4208
201.5000 49.4208
202.0000 49.4208
202.5000 49.4208
203.0000 49.4208
203.5000 49.4208
204.0000 49.4208
204.5000 49.4208
205.0000 49.4208
205.5000 49.4208
206.0000 49.4208
206.5000 49.4208
207.0000 49.4208
207.5000 49.4208
208.0000 49.4208
208.5000 49.4208
209.0000 49.4208
209.5000 49.4208
210.0000 49.4208
210.5000 49.4208
211.0000 49.4208
211.5000 49.4208
212.0000 49.4208
212.5000 49.4208
213.0000 49.4207
213.5000 49.4203
214.0000 49.4195
214.5000 49.4183
215.0000 49.4164
215.5000 49.4138
216.0000 49.4103
216.5000 49.4057
217.0000 49.4000
217.5000 49.3930
218.0000 49.3845
218.5000 49.3744
219.0000 49.3627
219.5000 49.3491
220.0000 49.3335
220.5000 49.3158
221.0000 49.2959
221.5000 49.2736
222.0000 49.2489
222.5000 49.2215
223.0000 49.1914
223.5000 49.1585
224.0000 49.1226
224.5000 49.0837
225.0000 49.0417
225.5000 48.9964
226.0000 48.9479
226.5000 48.8959
227.0000 48.8405
227.5000 48.7816
228.0000 48.7192
228.5000 48.6531
229.0000 48.5834
229.5000 48.5101
230.0000 48.4331
230.5000 48.3524
231.0000 48.2680
231.5000 48.1800
232.0000 48.0882
232.5000 47.9927
233.0000 47.8935
233.5000 47.7905
234.0000 47.6837
234.5000 47.5733
235.0000 47.4590
235.5000 47.3410
236.0000 47.2192
236.5000 47.0937
237.0000 46.9643
237.5000 46.8312
238.0000 46.6944
238.5000 46.5537
239.0000 46.4093
239.5000 46.2612
240.0000 46.1092
240.5000 45.9536
241.0000 45.7942
241.5000 45.6310
242.0000 45.4642
242.5000 45.2936
243.0000 45.1193
243.5000 44.9414
244.0000 44.7598
244.5000 44.5746
245.0000 44.3857
245.5000 44.1932
246.0000 43.9972
246.5000 43.7976
247.0000 43.5944
247.5000 43.3878
248.0000 43.1777
248.5000 42.9641
249.0000 42.7471
249.5000 42.5267
250.0000 42.3030
250.5000 42.0760
251.0000 41.8456
251.5000 41.6121
252.0000 41.3753
252.5000 41.1354
253.0000 40.8924
253.5000 40.6463
254.0000 40.3971
254.5000 40.1450
255.0000 39.8900
255.5000 39.6321
256.0000 39.3713
256.5000 39.1078
257.0000 38.8416
257.5000 38.5727
258.0000 38.3012
258.5000 38.0271
259.0000 37.7506
259.5000 37.4716
260.0000 37.1903
260.5000 36.9066
261.0000 36.6207
261.5000 36.3326
262.0000 36.0425
262.5000 35.7502
263.0000 35.4560
263.5000 35.1599
264.0000 34.8620
264.5000 34.5623
265.0000 34.2609
265.5000 33.9579
266.0000 33.6533
266.5000 33.3472
267.0000 33.0398
267.5000 32.7310
268.0000 32.4209
268.5000 32.1097
269.0000 31.7973
269.5000 31.4840
270.0000 31.1696
270.5000 30.8544
271.0000 30.5384
271.5000 30.2217
272.0000 29.9043
272.5000 29.5863
273.0000 29.2678
273.5000 28.9489
274.0000 28.6296
274.5000 28.3101
275.0000 27.9903
275.5000 27.6705
276.0000 27.3505
276.5000 27.0306
277.0000 26.7108
277.5000 26.3911
278.0000 26.0717
278.5000 25.7526
279.0000 25.4338
279.5000 25.1155
280.0000 24.7977
280.5000 24.4805
281.0000 24.1639
281.5000 23.8480
282.0000 23.5329
282.5000 23.2187
283.0000 22.9053
283.5000 22.5929
284.0000 22.2815
284.5000 21.9712
285.0000 21.6621
285.5000 21.3541
286.0000 21.0474
286.5000 20.7420
287.0000 20.4380
287.5000 20.1353
288.0000 19.8342
288.5000 19.5345
289.0000 19.2365
289.5000 18.9400
290.0000 18.6452
290.5000 18.3521
291.0000 18.0607
291.5000 17.7711
292.0000 17.4834
292.5000 17.1975
293.0000 16.9135
293.5000 16.6315
294.0000 16.3514
294.5000 16.0734
295.0000 15.7974
295.5000 15.5235
296.0000 15.2517
296.5000 14.9820
297.0000 14.7145
297.5000 14.4493
298.0000 14.1862
298.5000 13.9254
299.0000 13.6668
299.5000 13.4106
300.0000 13.1567
300.5000 12.9051
301.0000 12.6558
301.5000 12.4090
302.0000 12.1645
302.5000 11.9225
303.0000 11.6828
303.5000 11.4457
304.0000 11.2109
304.5000 10.9787
305.0000 10.7489
305.5000 10.5216
306.0000 10.2968
306.5000 10.0745
307.0000 9.8547
307.5000 9.6374
308.0000 9.4227
308.5000 9.2105
309.0000 9.0009
309.5000 8.7938
310.0000 8.5892
310.5000 8.3872
311.0000 8.1878
311.5000 7.9909
312.0000 7.7966
312.5000 7.6048
313.0000 7.4156
313.5000 7.2290
314.0000 7.0449
314.5000 6.8634
315.0000 6.6844
315.5000 6.5080
316.0000 6.3341
316.5000 6.1628
317.0000 5.9940
317.5000 5.8278
318.0000 5.6641
318.5000 5.5030
319.0000 5.3443
319.5000 5.1882
320.0000 5.0346
320.5000 4.8836
321.0000 4.7350
321.5000 4.5889
322.0000 4.4454
322.5000 4.3043
323.0000 4.1657
323.5000 4.0296
324.0000 3.8959
324.5000 3.7647
325.0000 3.6360
325.5000 3.5097
326.0000 3.3859
326.5000 3.2645
327.0000 3.1455
327.5000 3.0289
328.0000 2.9147
328.5000 2.8030
329.0000 2.6936
329.5000 2.5866
330.0000 2.4820
330.5000 2.3798
331.0000 2.2799
331.5000 2.1824
332.0000 2.0872
332.5000 1.9944
333.0000 1.9039
333.5000 1.8158
334.0000 1.7299
334.5000 1.6464
335.0000 1.5651
335.5000 1.4862
336.0000 1.4095
336.5000 1.3351
337.0000 1.2630
337.5000 1.1932
338.0000 1.1256
338.5000 1.0603
339.0000 0.9971
339.5000 0.9362
340.0000 0.8776
340.5000 0.8211
341.0000 0.7667
341.5000 0.7146
342.0000 0.6645
342.5000 0.6166
343.0000 0.5708
343.5000 0.5271
344.0000 0.4854
344.5000 0.4457
345.0000 0.4080
345.5000 0.3723
346.0000 0.3386
346.5000 0.3067
347.0000 0.2767
347.5000 0.2486
348.0000 0.2223
348.5000 0.1977
349.0000 0.1749
349.5000 0.1538
350.0000 0.1343
350.5000 0.1164
351.0000 0.1001
351.5000 0.0853
352.0000 0.0719
352.5000 0.0599
353.0000 0.0493
353.5000 0.0399
354.0000 0.0318
354.5000 0.0248
355.0000 0.0188
355.5000 0.0139
356.0000 0.0099
356.5000 0.0067
357.0000 0.0043
357.5000 0.0025
358.0000 0.0013
358.5000 0.0006
359.0000 0.0002
359.5000 0.0000
