0.0000 0.0000
0.5000 0.0001
1.0000 0.0003
1.5000 0.0009
2.0000 0.0021
2.5000 0.0040
3.0000 0.0067
3.5000 0.0104
4.0000 0.0152
4.5000 0.0212
5.0000 0.0285
5.5000 0.0371
6.0000 0.0473
6.5000 0.0590
7.0000 0.0724
7.5000 0.0874
8.0000 0.1043
8.5000 0.1230
9.0000 0.1436
9.5000 0.1661
10.0000 0.1907
10.5000 0.2173
11.0000 0.2461
11.5000 0.2771
12.0000 0.3102
12.5000 0.3457
13.0000 0.3834
13.5000 0.4235
14.0000 0.4660
14.5000 0.5109
15.0000 0.5583
15.5000 0.6082
16.0000 0.6607
16.5000 0.7157
17.0000 0.7733
17.5000 0.8336
18.0000 0.8966
18.5000 0.9623
19.0000 1.0308
19.5000 1.1021
20.0000 1.1761
20.5000 1.2531
21.0000 1.3329
21.5000 1.4156
22.0000 1.5013
22.5000 1.5900
23.0000 1.6817
23.5000 1.7765
24.0000 1.8743
24.5000 1.9752
25.0000 2.0793
25.5000 2.1866
26.0000 2.2971
26.5000 2.4108
27.0000 2.5278
27.5000 2.6481
28.0000 2.7718
28.5000 2.8988
29.0000 3.0293
29.5000 3.1632
30.0000 3.3006
30.5000 3.4414
31.0000 3.5859
31.5000 3.7339
32.0000 3.8855
32.5000 4.0408
33.0000 4.1998
33.5000 4.3625
34.0000 4.5290
34.5000 4.6992
35.0000 4.8733
35.5000 5.0512
36.0000 5.2330
36.5000 5.4188
37.0000 5.6086
37.5000 5.8023
38.0000 6.0001
38.5000 6.2019
39.0000 6.4079
39.5000 6.6180
40.0000 6.8323
40.5000 7.0508
41.0000 7.2736
41.5000 7.5006
42.0000 7.7320
42.5000 7.9676
43.0000 8.2077
43.5000 8.4522
44.0000 8.7011
44.5000 8.9544
45.0000 9.2123
45.5000 9.4746
46.0000 9.7415
46.5000 10.0130
47.0000 10.2890
47.5000 10.5697
48.0000 10.8549
48.5000 11.1448
49.0000 11.4394
49.5000 11.7386
50.0000 12.0425
50.5000 12.3510
51.0000 12.6643
51.5000 12.9822
52.0000 13.3048
52.5000 13.6321
53.0000 13.9640
53.5000 14.3007
54.0000 14.6419
54.5000 14.9878
55.0000 15.3382
55.5000 15.6933
56.0000 16.0528
56.5000 16.4169
57.0000 16.7854
57.5000 17.1584
58.0000 17.5356
58.5000 17.9172
59.0000 18.3030
59.5000 18.6930
60.0000 19.0870
60.5000 19.4851
61.0000 19.8871
61.5000 20.2928
62.0000 20.7023
62.5000 21.1155
63.0000 21.5321
63.5000 21.9520
64.0000 22.3752
64.5000 22.8015
65.0000 23.2308
65.5000 23.6629
66.0000 24.0976
66.5000 24.5348
67.0000 24.9743
67.5000 25.4160
68.0000 25.8596
68.5000 26.3049
69.0000 26.7517
69.5000 27.1999
70.0000 27.6492
70.5000 28.0994
71.0000 28.5503
71.5000 29.0016
72.0000 29.4531
72.5000 29.9045
73.0000 30.3557
73.5000 30.8062
74.0000 31.2560
74.5000 31.7047
75.0000 32.1520
75.5000 32.5977
76.0000 33.0415
76.5000 33.4832
77.0000 33.9224
77.5000 34.3589
78.0000 34.7925
78.5000 35.2228
79.0000 35.6495
79.5000 36.0725
80.0000 36.4913
80.5000 36.9059
81.0000 37.3159
81.5000 37.7210
82.0000 38.1210
82.5000 38.5157
83.0000 38.9048
83.5000 39.2881
84.0000 39.6654
84.5000 40.0364
85.0000 40.4010
85.5000 40.7590
86.0000 41.1102
86.5000 41.4544
87.0000 41.7914
87.5000 42.1211
88.0000 42.4434
88.5000 42.7582
89.0000 43.0653
89.5000 43.3646
90.0000 43.6561
90.5000 43.9396
91.0000 44.2152
91.5000 44.4827
92.0000 44.7422
92.5000 44.9936
93.0000 45.2370
93.5000 45.4722
94.0000 45.6993
94.5000 45.9185
95.0000 46.1296
95.5000 46.3327
96.0000 46.5280
96.5000 46.7154
97.0000 46.8951
97.5000 47.0671
98.0000 47.2316
98.5000 47.3886
99.0000 47.5383
99.5000 47.6807
100.0000 47.8161
100.5000 47.9445
101.0000 48.0660
101.5000 48.1810
102.0000 48.2894
102.5000 48.3914
103.0000 48.4873
103.5000 48.5771
104.0000 48.6611
104.5000 48.7394
105.0000 48.8122
105.5000 48.8797
106.0000 48.9420
106.5000 48.9994
107.0000 49.0521
107.5000 49.1002
108.0000 49.1440
108.5000 49.1836
109.0000 49.2193
109.5000 49.2512
110.0000 49.2795
110.5000 49.3045
111.0000 49.3264
111.5000 49.3454
112.0000 49.3616
112.5000 49.3753
113.0000 49.3867
113.5000 49.3960
114.0000 49.4035
114.5000 49.4093
115.0000 49.4136
115.5000 49.4167
116.0000 49.4187
116.5000 49.4200
117.0000 49.4206
117.5000 49.4208
118.0000 49.4208
118.5000 49.4208
119.0000 49.4205
119.5000 49.4198
120.0000 49.4184
120.5000 49.4162
121.0000 49.4129
121.5000 49.4083
122.0000 49.4023
122.5000 49.3946
123.0000 49.3849
123.5000 49.3732
124.0000 49.3592
124.5000 49.3427
125.0000 49.3235
125.5000 49.3014
126.0000 49.2763
126.5000 49.2480
127.0000 49.2162
127.5000 49.1808
128.0000 49.1417
128.5000 49.0987
129.0000 49.0516
129.5000 49.0002
130.0000 48.9446
130.5000 48.8844
131.0000 48.8195
131.5000 48.7499
132.0000 48.6754
132.5000 48.5960
133.0000 48.5114
133.5000 48.4216
134.0000 48.3265
134.5000 48.2260
135.0000 48.1201
135.5000 48.0086
136.0000 47.8915
136.5000 47.7687
137.0000 47.6403
137.5000 47.5060
138.0000 47.3659
138.5000 47.2200
139.0000 47.0682
139.5000 46.9104
140.0000 46.7468
140.5000 46.5771
141.0000 46.4015
141.5000 46.2200
142.0000 46.0324
142.5000 45.8389
143.0000 45.6394
143.5000 45.4340
144.0000 45.2227
144.5000 45.0054
145.0000 44.7823
145.5000 44.5532
146.0000 44.3184
146.5000 44.0778
147.0000 43.8314
147.5000 43.5792
148.0000 43.3215
148.5000 43.0581
149.0000 42.7891
149.5000 42.5146
150.0000 42.2347
150.5000 41.9493
151.0000 41.6587
151.5000 41.3628
152.0000 41.0616
152.5000 40.7554
153.0000 40.4441
153.5000 40.1279
154.0000 39.8068
154.5000 39.4809
155.0000 39.1503
155.5000 38.8150
156.0000 38.4752
156.5000 38.1311
157.0000 37.7825
157.5000 37.4298
158.0000 37.0729
158.5000 36.7121
159.0000 36.3473
159.5000 35.9787
160.0000 35.6065
160.5000 35.2308
161.0000 34.8516
161.5000 34.4691
162.0000 34.0835
162.5000 33.6949
163.0000 33.3033
163.5000 32.9091
164.0000 32.5122
164.5000 32.1129
165.0000 31.7113
165.5000 31.3075
166.0000 30.9017
166.5000 30.4941
167.0000 30.0849
167.5000 29.6741
168.0000 29.2620
168.5000 28.8487
169.0000 28.4344
169.5000 28.0194
170.0000 27.6036
170.5000 27.1874
171.0000 26.7709
171.5000 26.3542
172.0000 25.9377
172.5000 25.5213
173.0000 25.1054
173.5000 24.6901
174.0000 24.2756
174.5000 23.8620
175.0000 23.4496
175.5000 23.0385
176.0000 22.6288
176.5000 22.2208
177.0000 21.8146
177.5000 21.4104
178.0000 21.0083
178.5000 20.6085
179.0000 20.2112
179.5000 19.8164
180.0000 19.4244
180.5000 19.0353
181.0000 18.6492
181.5000 18.2663
182.0000 17.8866
182.5000 17.5103
183.0000 17.1374
183.5000 16.7682
184.0000 16.4027
184.5000 16.0410
185.0000 15.6832
185.5000 15.3293
186.0000 14.9795
186.5000 14.6338
187.0000 14.2923
187.5000 13.9551
188.0000 13.6221
188.5000 13.2935
189.0000 12.9693
189.5000 12.6495
190.0000 12.3342
190.5000 12.0234
191.0000 11.7170
191.5000 11.4153
192.0000 11.1181
192.5000 10.8254
193.0000 10.5373
193.5000 10.2538
194.0000 9.9749
194.5000 9.7006
195.0000 9.4308
195.5000 9.1656
196.0000 8.9050
196.5000 8.6489
197.0000 8.3973
197.5000 8.1502
198.0000 7.9076
198.5000 7.6694
199.0000 7.4357
199.5000 7.2064
200.0000 6.9815
200.5000 6.7610
201.0000 6.5447
201.5000 6.3328
202.0000 6.1251
202.5000 5.9217
203.0000 5.7224
203.5000 5.5274
204.0000 5.3364
204.5000 5.1496
205.0000 4.9668
205.5000 4.7880
206.0000 4.6132
206.5000 4.4424
207.0000 4.2754
207.5000 4.1124
208.0000 3.9532
208.5000 3.7977
209.0000 3.6461
209.5000 3.4982
210.0000 3.3539
210.5000 3.2134
211.0000 3.0764
211.5000 2.9430
212.0000 2.8132
212.5000 2.6868
213.0000 2.5639
213.5000 2.4445
214.0000 2.3285
214.5000 2.2158
215.0000 2.1064
215.5000 2.0003
216.0000 1.8975
216.5000 1.7979
217.0000 1.7015
217.5000 1.6082
218.0000 1.5180
218.5000 1.4309
219.0000 1.3469
219.5000 1.2658
220.0000 1.1877
220.5000 1.1126
221.0000 1.0403
221.5000 0.9709
222.0000 0.9044
222.5000 0.8406
223.0000 0.7795
223.5000 0.7212
224.0000 0.6655
224.5000 0.6125
225.0000 0.5621
225.5000 0.5142
226.0000 0.4689
226.5000 0.4260
227.0000 0.3856
227.5000 0.3475
228.0000 0.3118
228.5000 0.2784
229.0000 0.2472
229.5000 0.2182
230.0000 0.1914
230.5000 0.1667
231.0000 0.1440
231.5000 0.1233
232.0000 0.1046
232.5000 0.0876
233.0000 0.0725
233.5000 0.0591
234.0000 0.0474
234.5000 0.0372
235.0000 0.0285
235.5000 0.0212
236.0000 0.0152
236.5000 0.0104
237.0000 0.0067
237.5000 0.0040
238.0000 0.0021
238.5000 0.0009
239.0000 0.0003
239.5000 0.0001
240.0000 0.0000
240.5000 0.0000
241.0000 0.0000
241.5000 0.0000
242.0000 0.0000
242.5000 0.0000
243.0000 0.0000
243.5000 0.0000
244.0000 0.0000
244.5000 0.0000
245.0000 0.0000
245.5000 0.0000
246.0000 0.0000
246.5000 0.0000
247.0000 0.0000
247.5000 0.0000
248.0000 0.0000
248.5000 0.0000
249.0000 0.0000
249.5000 0.0000
250.0000 0.0000
250.5000 0.0000
251.0000 0.0000
251.5000 0.0000
252.0000 0.0000
252.5000 0.0000
253.0000 0.0000
253.5000 0.0000
254.0000 0.0000
254.5000 0.0000
255.0000 0.0000
255.5000 0.0000
256.0000 0.0000
256.5000 0.0000
257.0000 0.0000
257.5000 0.0000
258.0000 0.0000
258.5000 0.0000
259.0000 0.0000
259.5000 0.0000
260.0000 0.0000
260.5000 0.0000
261.0000 0.0000
261.5000 0.0000
262.0000 0.0000
262.5000 0.0000
263.0000 0.0000
263.5000 0.0000
264.0000 0.0000
264.5000 0.0000
265.0000 0.0000
265.5000 0.0000
266.0000 0.0000
266.5000 0.0000
267.0000 0.0000
267.5000 0.0000
268.0000 0.0000
268.5000 0.0000
269.0000 0.0000
269.5000 0.0000
270.0000 0.0000
270.5000 0.0000
271.0000 0.0000
271.5000 0.0000
272.0000 0.0000
272.5000 0.0000
273.0000 0.0000
273.5000 0.0000
274.0000 0.0000
274.5000 0.0000
275.0000 0.0000
275.5000 0.0000
276.0000 0.0000
276.5000 0.0000
277.0000 0.0000
277.5000 0.0000
278.0000 0.0000
278.5000 0.0000
279.0000 0.0000
279.5000 0.0000
280.0000 0.0000
280.5000 0.0000
281.0000 0.0000
281.5000 0.0000
282.0000 0.0000
282.5000 0.0000
283.0000 0.0000
283.5000 0.0000
284.0000 0.0000
284.5000 0.0000
285.0000 0.0000
285.5000 0.0000
286.0000 0.0000
286.5000 0.0000
287.0000 0.0000
287.5000 0.0000
288.0000 0.0000
288.5000 0.0000
289.0000 0.0000
289.5000 0.0000
290.0000 0.0000
290.5000 0.0000
291.0000 0.0000
291.5000 0.0000
292.0000 0.0000
292.5000 0.0000
293.0000 0.0000
293.5000 0.0000
294.0000 0.0000
294.5000 0.0000
295.0000 0.0000
295.5000 0.0000
296.0000 0.0000
296.5000 0.0000
297.0000 0.0000
297.5000 0.0000
298.0000 0.0000
298.5000 0.0000
299.0000 0.0000
299.5000 0.0000
300.0000 0.0000
300.5000 0.0000
301.0000 0.0000
301.5000 0.0000
302.0000 0.0000
302.5000 0.0000
303.0000 0.0000
303.5000 0.0000
304.0000 0.0000
304.5000 0.0000
305.0000 0.0000
305.5000 0.0000
306.0000 0.0000
306.5000 0.0000
307.0000 0.0000
307.5000 0.0000
308.0000 0.0000
308.5000 0.0000
309.0000 0.0000
309.5000 0.0000
310.0000 0.0000
310.5000 0.0000
311.0000 0.0000
311.5000 0.0000
312.0000 0.0000
312.5000 0.0000
313.0000 0.0000
313.5000 0.0000
314.0000 0.0000
314.5000 0.0000
315.0000 0.0000
315.5000 0.0000
316.0000 0.0000
316.5000 0.0000
317.0000 0.0000
317.5000 0.0000
318.0000 0.0000
318.5000 0.0000
319.0000 0.0000
319.5000 0.0000
320.0000 0.0000
320.5000 0.0000
321.0000 0.0000
321.5000 0.0000
322.0000 0.0000
322.5000 0.0000
323.0000 0.0000
323.5000 0.0000
324.0000 0.0000
324.5000 0.0000
325.0000 0.0000
325.5000 0.0000
326.0000 0.0000
326.5000 0.0000
327.0000 0.0000
327.5000 0.0000
328.0000 0.0000
328.5000 0.0000
329.0000 0.0000
329.5000 0.0000
330.0000 0.0000
330.5000 0.0000
331.0000 0.0000
331.5000 0.0000
332.0000 0.0000
332.5000 0.0000
333.0000 0.0000
333.5000 0.0000
334.0000 0.0000
334.5000 0.0000
335.0000 0.0000
335.5000 0.0000
336.0000 0.0000
336.5000 0.0000
337.0000 0.0000
337.5000 0.0000
338.0000 0.0000
338.5000 0.0000
339.0000 0.0000
339.5000 0.0000
340.0000 0.0000
340.5000 0.0000
341.0000 0.0000
341.5000 0.0000
342.0000 0.0000
342.5000 0.0000
343.0000 0.0000
343.5000 0.0000
344.0000 0.0000
344.5000 0.0000
345.0000 0.0000
345.5000 0.0000
346.0000 0.0000
346.5000 0.0000
347.0000 0.0000
347.5000 0.0000
348.0000 0.0000
348.5000 0.0000
349.0000 0.0000
349.5000 0.0000
350.0000 0.0000
350.5000 0.0000
351.0000 0.0000
351.5000 0.0000
352.0000 0.0000
352.5000 0.0000
353.0000 0.0000
353.5000 0.0000
354.0000 0.0000
354.5000 0.0000
355.0000 0.0000
355.5000 0.0000
356.0000 0.0000
356.5000 0.0000
357.0000 0.0000
357.5000 0.0000
358.0000 0.0000
358.5000 0.0000
359.0000 0.0000
359.5000 0.0000
