0.0000 0.0000
0.5000 0.0001
1.0000 0.0003
1.5000 0.0009
2.0000 0.0021
2.5000 0.0040
3.0000 0.0067
3.5000 0.0104
4.0000 0.0152
4.5000 0.0212
5.0000 0.0285
5.5000 0.0372
6.0000 0.0474
6.5000 0.0591
7.0000 0.0725
7.5000 0.0876
8.0000 0.1045
8.5000 0.1233
9.0000 0.1440
9.5000 0.1667
10.0000 0.1914
10.5000 0.2182
11.0000 0.2472
11.5000 0.2784
12.0000 0.3118
12.5000 0.3475
13.0000 0.3855
13.5000 0.4260
14.0000 0.4689
14.5000 0.5142
15.0000 0.5621
15.5000 0.6125
16.0000 0.6655
16.5000 0.7212
17.0000 0.7795
17.5000 0.8405
18.0000 0.9043
18.5000 0.9709
19.0000 1.0403
19.5000 1.1126
20.0000 1.1877
20.5000 1.2658
21.0000 1.3469
21.5000 1.4309
22.0000 1.5180
22.5000 1.6082
23.0000 1.7015
23.5000 1.7979
24.0000 1.8975
24.5000 2.0003
25.0000 2.1064
25.5000 2.2158
26.0000 2.3284
26.5000 2.4445
27.0000 2.5639
27.5000 2.6868
28.0000 2.8131
28.5000 2.9430
29.0000 3.0764
29.5000 3.2133
30.0000 3.3539
30.5000 3.4981
31.0000 3.6461
31.5000 3.7977
32.0000 3.9531
32.5000 4.1124
33.0000 4.2754
33.5000 4.4423
34.0000 4.6132
34.5000 4.7880
35.0000 4.9667
35.5000 5.1495
36.0000 5.3364
36.5000 5.5273
37.0000 5.7224
37.5000 5.9217
38.0000 6.1251
38.5000 6.3328
39.0000 6.5447
39.5000 6.7609
40.0000 6.9815
40.5000 7.2064
41.0000 7.4357
41.5000 7.6694
42.0000 7.9075
42.5000 8.1501
43.0000 8.3972
43.5000 8.6488
44.0000 8.9049
44.5000 9.1656
45.0000 9.4308
45.5000 9.7006
46.0000 9.9749
46.5000 10.2538
47.0000 10.5373
47.5000 10.8254
48.0000 11.1180
48.5000 11.4153
49.0000 11.7170
49.5000 12.0233
50.0000 12.3342
50.5000 12.6495
51.0000 12.9693
51.5000 13.2935
52.0000 13.6221
52.5000 13.9551
53.0000 14.2923
53.5000 14.6338
54.0000 14.9795
54.5000 15.3293
55.0000 15.6832
55.5000 16.0410
56.0000 16.4027
56.5000 16.7682
57.0000 17.1374
57.5000 17.5102
58.0000 17.8865
58.5000 18.2662
59.0000 18.6492
59.5000 19.0353
60.0000 19.4244
60.5000 19.8164
61.0000 20.2112
61.5000 20.6085
62.0000 21.0083
62.5000 21.4103
63.0000 21.8146
63.5000 22.2208
64.0000 22.6288
64.5000 23.0384
65.0000 23.4496
65.5000 23.8620
66.0000 24.2756
66.5000 24.6901
67.0000 25.1054
67.5000 25.5213
68.0000 25.9376
68.5000 26.3542
69.0000 26.7708
69.5000 27.1874
70.0000 27.6036
70.5000 28.0193
71.0000 28.4344
71.5000 28.8487
72.0000 29.2620
72.5000 29.6741
73.0000 30.0848
73.5000 30.4941
74.0000 30.9017
74.5000 31.3075
75.0000 31.7112
75.5000 32.1128
76.0000 32.5122
76.5000 32.9090
77.0000 33.3033
77.5000 33.6948
78.0000 34.0835
78.5000 34.4691
79.0000 34.8516
79.5000 35.2307
80.0000 35.6065
80.5000 35.9787
81.0000 36.3473
81.5000 36.7120
82.0000 37.0729
82.5000 37.4298
83.0000 37.7825
83.5000 38.1310
84.0000 38.4752
84.5000 38.8150
85.0000 39.1502
85.5000 39.4809
86.0000 39.8068
86.5000 40.1279
87.0000 40.4441
87.5000 40.7554
88.0000 41.0616
88.5000 41.3627
89.0000 41.6587
89.5000 41.9493
90.0000 42.2346
90.5000 42.5146
91.0000 42.7891
91.5000 43.0580
92.0000 43.3214
92.5000 43.5792
93.0000 43.8313
93.5000 44.0777
94.0000 44.3184
94.5000 44.5532
95.0000 44.7822
95.5000 45.0054
96.0000 45.2227
96.5000 45.4340
97.0000 45.6394
97.5000 45.8389
98.0000 46.0324
98.5000 46.2199
99.0000 46.4015
99.5000 46.5771
100.0000 46.7467
100.5000 46.9104
101.0000 47.0681
101.5000 47.2200
102.0000 47.3659
102.5000 47.5060
103.0000 47.6402
103.5000 47.7687
104.0000 47.8915
104.5000 48.0086
105.0000 48.1201
105.5000 48.2260
106.0000 48.3265
106.5000 48.4216
107.0000 48.5113
107.5000 48.5959
108.0000 48.6754
108.5000 48.7499
109.0000 48.8195
109.5000 48.8843
110.0000 48.9445
110.5000 49.0002
111.0000 49.0516
111.5000 49.0987
112.0000 49.1417
112.5000 49.1808
113.0000 49.2162
113.5000 49.2479
114.0000 49.2763
114.5000 49.3014
115.0000 49.3235
115.5000 49.3427
116.0000 49.3592
116.5000 49.3732
117.0000 49.3849
117.5000 49.3945
118.0000 49.4023
118.5000 49.4083
119.0000 49.4129
119.5000 49.4162
120.0000 49.4184
120.5000 49.4198
121.0000 49.4205
121.5000 49.4208
122.0000 49.4208
122.5000 49.4208
123.0000 49.4208
123.5000 49.4208
124.0000 49.4208
124.5000 49.4208
125.0000 49.4208
125.5000 49.4208
126.0000 49.4208
126.5000 49.4208
127.0000 49.4208
127.5000 49.4208
128.0000 49.4208
128.5000 49.4208
129.0000 49.4208
129.5000 49.4208
130.0000 49.4208
130.5000 49.4208
131.0000 49.4208
131.5000 49.4208
132.0000 49.4208
132.5000 49.4208
133.0000 49.4208
133.5000 49.4208
134.0000 49.4208
134.5000 49.4208
135.0000 49.4208
135.5000 49.4208
136.0000 49.4208
136.5000 49.4208
137.0000 49.4208
137.5000 49.4208
138.0000 49.4208
138.5000 49.4208
139.0000 49.4208
139.5000 49.4208
140.0000 49.4208
140.5000 49.4208
141.0000 49.4208
141.5000 49.4208
142.0000 49.4208
142.5000 49.4208
143.0000 49.4208
143.5000 49.4208
144.0000 49.4208
144.5000 49.4208
145.0000 49.4208
145.5000 49.4208
146.0000 49.4208
146.5000 49.4208
147.0000 49.4208
147.5000 49.4208
148.0000 49.4208
148.5000 49.4208
149.0000 49.4208
149.5000 49.4208
150.0000 49.4208
150.5000 49.4208
151.0000 49.4208
151.5000 49.4208
152.0000 49.4208
152.5000 49.4208
153.0000 49.4208
153.5000 49.4208
154.0000 49.4208
154.5000 49.4208
155.0000 49.4208
155.5000 49.4208
156.0000 49.4208
156.5000 49.4208
157.0000 49.4208
157.5000 49.4208
158.0000 49.4208
158.5000 49.4208
159.0000 49.4208
159.5000 49.4208
160.0000 49.4208
160.5000 49.4208
161.0000 49.4208
161.5000 49.4208
162.0000 49.4208
162.5000 49.4208
163.0000 49.4208
163.5000 49.4208
164.0000 49.4208
164.5000 49.4208
165.0000 49.4208
165.5000 49.4208
166.0000 49.4208
166.5000 49.4208
167.0000 49.4208
167.5000 49.4208
168.0000 49.4208
168.5000 49.4208
169.0000 49.4208
169.5000 49.4208
170.0000 49.4208
170.5000 49.4208
171.0000 49.4208
171.5000 49.4208
172.0000 49.4208
172.5000 49.4208
173.0000 49.4208
173.5000 49.4208
174.0000 49.4208
174.5000 49.4208
175.0000 49.4208
175.5000 49.4208
176.0000 49.4208
176.5000 49.4208
177.0000 49.4208
177.5000 49.4208
178.0000 49.4208
178.5000 49.4208
179.0000 49.4208
179.5000 49.4208
180.0000 49.4208
180.5000 49.4208
181.0000 49.4208
181.5000 49.4208
182.0000 49.4208
182.5000 49.4208
183.0000 49.4208
183.5000 49.4208
184.0000 49.4208
184.5000 49.4208
185.0000 49.4208
185.5000 49.4208
186.0000 49.4208
186.5000 49.4208
187.0000 49.4208
187.5000 49.4208
188.0000 49.4208
188.5000 49.4208
189.0000 49.4208
189.5000 49.4208
190.0000 49.4208
190.5000 49.4208
191.0000 49.4208
191.5000 49.4208
192.0000 49.4208
192.5000 49.4208
193.0000 49.4208
193.5000 49.4208
194.0000 49.4208
194.5000 49.4208
195.0000 49.4208
195.5000 49.4208
196.0000 49.4208
196.5000 49.4208
197.0000 49.4208
197.5000 49.4208
198.0000 49.4208
198.5000 49.4208
199.0000 49.4208
199.5000 49.4208
200.0000 49.4208
200.5000 49.4208
201.0000 49.4208
201.5000 49.4208
202.0000 49.4208
202.5000 49.4208
203.0000 49.4208
203.5000 49.4208
204.0000 49.4208
204.5000 49.4208
205.0000 49.4208
205.5000 49.4208
206.0000 49.4208
206.5000 49.4208
207.0000 49.4208
207.5000 49.4208
208.0000 49.4208
208.5000 49.4208
209.0000 49.4208
209.5000 49.4208
210.0000 49.4208
210.5000 49.4208
211.0000 49.4208
211.5000 49.4208
212.0000 49.4208
212.5000 49.4208
213.0000 49.4208
213.5000 49.4208
214.0000 49.4208
214.5000 49.4208
215.0000 49.4208
215.5000 49.4208
216.0000 49.4208
216.5000 49.4208
217.0000 49.4208
217.5000 49.4208
218.0000 49.4208
218.5000 49.4208
219.0000 49.4208
219.5000 49.4208
220.0000 49.4208
220.5000 49.4208
221.0000 49.4208
221.5000 49.4208
222.0000 49.4208
222.5000 49.4208
223.0000 49.4208
223.5000 49.4208
224.0000 49.4208
224.5000 49.4208
225.0000 49.4208
225.5000 49.4208
226.0000 49.4208
226.5000 49.4208
227.0000 49.4208
227.5000 49.4208
228.0000 49.4208
228.5000 49.4208
229.0000 49.4208
229.5000 49.4208
230.0000 49.4208
230.5000 49.4208
231.0000 49.4208
231.5000 49.4208
232.0000 49.4208
232.5000 49.4208
233.0000 49.4208
233.5000 49.4208
234.0000 49.4208
234.5000 49.4208
235.0000 49.4208
235.5000 49.4208
236.0000 49.4208
236.5000 49.4208
237.0000 49.4208
237.5000 49.4208
238.0000 49.4208
238.5000 49.4208
239.0000 49.4208
239.5000 49.4208
240.0000 49.4208
240.5000 49.4208
241.0000 49.4208
241.5000 49.4208
242.0000 49.4208
242.5000 49.4208
243.0000 49.4206
243.5000 49.4199
244.0000 49.4187
244.5000 49.4167
245.0000 49.4136
245.5000 49.4093
246.0000 49.4035
246.5000 49.3960
247.0000 49.3867
247.5000 49.3753
248.0000 49.3616
248.5000 49.3453
249.0000 49.3264
249.5000 49.3045
250.0000 49.2795
250.5000 49.2512
251.0000 49.2193
251.5000 49.1836
252.0000 49.1440
252.5000 49.1002
253.0000 49.0521
253.5000 48.9994
254.0000 48.9420
254.5000 48.8796
255.0000 48.8121
255.5000 48.7393
256.0000 48.6610
256.5000 48.5771
257.0000 48.4872
257.5000 48.3914
258.0000 48.2893
258.5000 48.1809
259.0000 48.0660
259.5000 47.9444
260.0000 47.8160
260.5000 47.6807
261.0000 47.5382
261.5000 47.3886
262.0000 47.2316
262.5000 47.0671
263.0000 46.8951
263.5000 46.7154
264.0000 46.5280
264.5000 46.3327
265.0000 46.1296
265.5000 45.9184
266.0000 45.6993
266.5000 45.4722
267.0000 45.2369
267.5000 44.9936
268.0000 44.7422
268.5000 44.4827
269.0000 44.2152
269.5000 43.9396
270.0000 43.6560
270.5000 43.3646
271.0000 43.0652
271.5000 42.7582
272.0000 42.4434
272.5000 42.1211
273.0000 41.7914
273.5000 41.4543
274.0000 41.1102
274.5000 40.7590
275.0000 40.4010
275.5000 40.0364
276.0000 39.6654
276.5000 39.2881
277.0000 38.9048
277.5000 38.5157
278.0000 38.1210
278.5000 37.7210
279.0000 37.3159
279.5000 36.9059
280.0000 36.4913
280.5000 36.0724
281.0000 35.6495
281.5000 35.2227
282.0000 34.7925
282.5000 34.3589
283.0000 33.9224
283.5000 33.4832
284.0000 33.0415
284.5000 32.5977
285.0000 32.1520
285.5000 31.7047
286.0000 31.2560
286.5000 30.8062
287.0000 30.3557
287.5000 29.9045
288.0000 29.4531
288.5000 29.0016
289.0000 28.5503
289.5000 28.0994
290.0000 27.6492
290.5000 27.1999
291.0000 26.7517
291.5000 26.3049
292.0000 25.8595
292.5000 25.4160
293.0000 24.9743
293.5000 24.5348
294.0000 24.0976
294.5000 23.6629
295.0000 23.2308
295.5000 22.8015
296.0000 22.3752
296.5000 21.9520
297.0000 21.5320
297.5000 21.1154
298.0000 20.7023
298.5000 20.2928
299.0000 19.8870
299.5000 19.4851
300.0000 19.0870
300.5000 18.6930
301.0000 18.3030
301.5000 17.9172
302.0000 17.5356
302.5000 17.1583
303.0000 16.7854
303.5000 16.4169
304.0000 16.0528
304.5000 15.6933
305.0000 15.3382
305.5000 14.9878
306.0000 14.6419
306.5000 14.3006
307.0000 13.9640
307.5000 13.6321
308.0000 13.3048
308.5000 12.9822
309.0000 12.6643
309.5000 12.3510
310.0000 12.0424
310.5000 11.7386
311.0000 11.4393
311.5000 11.1448
312.0000 10.8549
312.5000 10.5696
313.0000 10.2890
313.5000 10.0130
314.0000 9.7415
314.5000 9.4746
315.0000 9.2122
315.5000 8.9544
316.0000 8.7010
316.5000 8.4521
317.0000 8.2077
317.5000 7.9676
318.0000 7.7319
318.5000 7.5006
319.0000 7.2736
319.5000 7.0508
320.0000 6.8323
320.5000 6.6180
321.0000 6.4079
321.5000 6.2019
322.0000 6.0001
322.5000 5.8023
323.0000 5.6085
323.5000 5.4188
324.0000 5.2330
324.5000 5.0512
325.0000 4.8733
325.5000 4.6992
326.0000 4.5289
326.5000 4.3625
327.0000 4.1998
327.5000 4.0408
328.0000 3.8855
328.5000 3.7339
329.0000 3.5859
329.5000 3.4414
330.0000 3.3005
330.5000 3.1632
331.0000 3.0293
331.5000 2.8988
332.0000 2.7718
332.5000 2.6481
333.0000 2.5278
333.5000 2.4108
334.0000 2.2971
334.5000 2.1866
335.0000 2.0793
335.5000 1.9752
336.0000 1.8743
336.5000 1.7764
337.0000 1.6817
337.5000 1.5900
338.0000 1.5013
338.5000 1.4156
339.0000 1.3329
339.5000 1.2531
340.0000 1.1761
340.5000 1.1020
341.0000 1.0308
341.5000 0.9623
342.0000 0.8966
342.5000 0.8336
343.0000 0.7733
343.5000 0.7157
344.0000 0.6606
344.5000 0.6082
345.0000 0.5583
345.5000 0.5109
346.0000 0.4660
346.5000 0.4235
347.0000 0.3834
347.5000 0.3457
348.0000 0.3102
348.5000 0.2770
349.0000 0.2461
349.5000 0.2173
350.0000 0.1907
350.5000 0.1661
351.0000 0.1435
351.5000 0.1229
352.0000 0.1043
352.5000 0.0874
353.0000 0.0723
353.5000 0.0590
354.0000 0.0473
354.5000 0.0371
355.0000 0.0285
355.5000 0.0212
356.0000 0.0152
356.5000 0.0104
357.0000 0.0067
357.5000 0.0040
358.0000 0.0021
358.5000 0.0009
359.0000 0.0003
359.5000 0.0001
