0.0000 0.0000
0.5000 0.0001
1.0000 0.0003
1.5000 0.0009
2.0000 0.0021
2.5000 0.0040
3.0000 0.0067
3.5000 0.0104
4.0000 0.0152
4.5000 0.0212
5.0000 0.0285
5.5000 0.0371
6.0000 0.0473
6.5000 0.0590
7.0000 0.0723
7.5000 0.0874
8.0000 0.1043
8.5000 0.1229
9.0000 0.1435
9.5000 0.1661
10.0000 0.1907
10.5000 0.2173
11.0000 0.2461
11.5000 0.2770
12.0000 0.3102
12.5000 0.3457
13.0000 0.3834
13.5000 0.4235
14.0000 0.4660
14.5000 0.5109
15.0000 0.5583
15.5000 0.6082
16.0000 0.6606
16.5000 0.7157
17.0000 0.7733
17.5000 0.8336
18.0000 0.8966
18.5000 0.9623
19.0000 1.0308
19.5000 1.1020
20.0000 1.1761
20.5000 1.2531
21.0000 1.3329
21.5000 1.4156
22.0000 1.5013
22.5000 1.5900
23.0000 1.6817
23.5000 1.7764
24.0000 1.8743
24.5000 1.9752
25.0000 2.0793
25.5000 2.1866
26.0000 2.2971
26.5000 2.4108
27.0000 2.5278
27.5000 2.6481
28.0000 2.7718
28.5000 2.8988
29.0000 3.0293
29.5000 3.1632
30.0000 3.3005
30.5000 3.4414
31.0000 3.5859
31.5000 3.7339
32.0000 3.8855
32.5000 4.0408
33.0000 4.1998
33.5000 4.3625
34.0000 4.5289
34.5000 4.6992
35.0000 4.8733
35.5000 5.0512
36.0000 5.2330
36.5000 5.4188
37.0000 5.6085
37.5000 5.8023
38.0000 6.0001
38.5000 6.2019
39.0000 6.4079
39.5000 6.6180
40.0000 6.8323
40.5000 7.0508
41.0000 7.2736
41.5000 7.5006
42.0000 7.7319
42.5000 7.9676
43.0000 8.2077
43.5000 8.4521
44.0000 8.7010
44.5000 8.9544
45.0000 9.2122
45.5000 9.4746
46.0000 9.7415
46.5000 10.0130
47.0000 10.2890
47.5000 10.5696
48.0000 10.8549
48.5000 11.1448
49.0000 11.4393
49.5000 11.7386
50.0000 12.0424
50.5000 12.3510
51.0000 12.6643
51.5000 12.9822
52.0000 13.3048
52.5000 13.6321
53.0000 13.9640
53.5000 14.3006
54.0000 14.6419
54.5000 14.9878
55.0000 15.3382
55.5000 15.6933
56.0000 16.0528
56.5000 16.4169
57.0000 16.7854
57.5000 17.1583
58.0000 17.5356
58.5000 17.9172
59.0000 18.3030
59.5000 18.6930
60.0000 19.0870
60.5000 19.4851
61.0000 19.8870
61.5000 20.2928
62.0000 20.7023
62.5000 21.1154
63.0000 21.5320
63.5000 21.9520
64.0000 22.3752
64.5000 22.8015
65.0000 23.2308
65.5000 23.6629
66.0000 24.0976
66.5000 24.5348
67.0000 24.9743
67.5000 25.4160
68.0000 25.8595
68.5000 26.3049
69.0000 26.7517
69.5000 27.1999
70.0000 27.6492
70.5000 28.0994
71.0000 28.5503
71.5000 29.0016
72.0000 29.4531
72.5000 29.9045
73.0000 30.3557
73.5000 30.8062
74.0000 31.2560
74.5000 31.7047
75.0000 32.1520
75.5000 32.5977
76.0000 33.0415
76.5000 33.4832
77.0000 33.9224
77.5000 34.3589
78.0000 34.7925
78.5000 35.2227
79.0000 35.6495
79.5000 36.0724
80.0000 36.4913
80.5000 36.9059
81.0000 37.3159
81.5000 37.7210
82.0000 38.1210
82.5000 38.5157
83.0000 38.9048
83.5000 39.2881
84.0000 39.6654
84.5000 40.0364
85.0000 40.4010
85.5000 40.7590
86.0000 41.1102
86.5000 41.4543
87.0000 41.7914
87.5000 42.1211
88.0000 42.4434
88.5000 42.7582
89.0000 43.0652
89.5000 43.3646
90.0000 43.6560
90.5000 43.9396
91.0000 44.2152
91.5000 44.4827
92.0000 44.7422
92.5000 44.9936
93.0000 45.2369
93.5000 45.4722
94.0000 45.6993
94.5000 45.9184
95.0000 46.1296
95.5000 46.3327
96.0000 46.5280
96.5000 46.7154
97.0000 46.8951
97.5000 47.0671
98.0000 47.2316
98.5000 47.3886
99.0000 47.5382
99.5000 47.6807
100.0000 47.8160
100.5000 47.9444
101.0000 48.0660
101.5000 48.1809
102.0000 48.2893
102.5000 48.3914
103.0000 48.4872
103.5000 48.5771
104.0000 48.6610
104.5000 48.7393
105.0000 48.8121
105.5000 48.8796
106.0000 48.9420
106.5000 48.9994
107.0000 49.0521
107.5000 49.1002
108.0000 49.1440
108.5000 49.1836
109.0000 49.2193
109.5000 49.2512
110.0000 49.2795
110.5000 49.3045
111.0000 49.3264
111.5000 49.3453
112.0000 49.3616
112.5000 49.3753
113.0000 49.3867
113.5000 49.3960
114.0000 49.4035
114.5000 49.4093
115.0000 49.4136
115.5000 49.4167
116.0000 49.4187
116.5000 49.4199
117.0000 49.4206
117.5000 49.4208
118.0000 49.4208
118.5000 49.4208
119.0000 49.4208
119.5000 49.4208
120.0000 49.4208
120.5000 49.4208
121.0000 49.4208
121.5000 49.4208
122.0000 49.4208
122.5000 49.4208
123.0000 49.4208
123.5000 49.4208
124.0000 49.4208
124.5000 49.4208
125.0000 49.4208
125.5000 49.4208
126.0000 49.4208
126.5000 49.4208
127.0000 49.4208
127.5000 49.4208
128.0000 49.4208
128.5000 49.4208
129.0000 49.4208
129.5000 49.4208
130.0000 49.4208
130.5000 49.4208
131.0000 49.4208
131.5000 49.4208
132.0000 49.4208
132.5000 49.4208
133.0000 49.4208
133.5000 49.4208
134.0000 49.4208
134.5000 49.4208
135.0000 49.4208
135.5000 49.4208
136.0000 49.4208
136.5000 49.4208
137.0000 49.4208
137.5000 49.4208
138.0000 49.4208
138.5000 49.4208
139.0000 49.4208
139.5000 49.4208
140.0000 49.4208
140.5000 49.4208
141.0000 49.4208
141.5000 49.4208
142.0000 49.4208
142.5000 49.4208
143.0000 49.4208
143.5000 49.4208
144.0000 49.4208
144.5000 49.4208
145.0000 49.4208
145.5000 49.4208
146.0000 49.4208
146.5000 49.4208
147.0000 49.4208
147.5000 49.4208
148.0000 49.4208
148.5000 49.4208
149.0000 49.4208
149.5000 49.4208
150.0000 49.4208
150.5000 49.4208
151.0000 49.4208
151.5000 49.4208
152.0000 49.4208
152.5000 49.4208
153.0000 49.4208
153.5000 49.4208
154.0000 49.4208
154.5000 49.4208
155.0000 49.4208
155.5000 49.4208
156.0000 49.4208
156.5000 49.4208
157.0000 49.4208
157.5000 49.4208
158.0000 49.4208
158.5000 49.4208
159.0000 49.4208
159.5000 49.4208
160.0000 49.4208
160.5000 49.4208
161.0000 49.4208
161.5000 49.4208
162.0000 49.4208
162.5000 49.4208
163.0000 49.4208
163.5000 49.4208
164.0000 49.4208
164.5000 49.4208
165.0000 49.4208
165.5000 49.4208
166.0000 49.4208
166.5000 49.4208
167.0000 49.4208
167.5000 49.4208
168.0000 49.4208
168.5000 49.4208
169.0000 49.4208
169.5000 49.4208
170.0000 49.4208
170.5000 49.4208
171.0000 49.4208
171.5000 49.4208
172.0000 49.4208
172.5000 49.4208
173.0000 49.4208
173.5000 49.4208
174.0000 49.4208
174.5000 49.4208
175.0000 49.4208
175.5000 49.4208
176.0000 49.4208
176.5000 49.4208
177.0000 49.4208
177.5000 49.4208
178.0000 49.4208
178.5000 49.4208
179.0000 49.4208
179.5000 49.4208
180.0000 49.4208
180.5000 49.4208
181.0000 49.4208
181.5000 49.4208
182.0000 49.4208
182.5000 49.4208
183.0000 49.4208
183.5000 49.4208
184.0000 49.4208
184.5000 49.4208
185.0000 49.4208
185.5000 49.4208
186.0000 49.4208
186.5000 49.4208
187.0000 49.4208
187.5000 49.4208
188.0000 49.4208
188.5000 49.4208
189.0000 49.4208
189.5000 49.4208
190.0000 49.4208
190.5000 49.4208
191.0000 49.4208
191.5000 49.4208
192.0000 49.4208
192.5000 49.4208
193.0000 49.4208
193.5000 49.4208
194.0000 49.4208
194.5000 49.4208
195.0000 49.4208
195.5000 49.4208
196.0000 49.4208
196.5000 49.4208
197.0000 49.4208
197.5000 49.4208
198.0000 49.4208
198.5000 49.4208
199.0000 49.4208
199.5000 49.4208
200.0000 49.4208
200.5000 49.4208
201.0000 49.4208
201.5000 49.4208
202.0000 49.4208
202.5000 49.4208
203.0000 49.4208
203.5000 49.4208
204.0000 49.4208
204.5000 49.4208
205.0000 49.4208
205.5000 49.4208
206.0000 49.4208
206.5000 49.4208
207.0000 49.4208
207.5000 49.4208
208.0000 49.4208
208.5000 49.4208
209.0000 49.4208
209.5000 49.4208
210.0000 49.4208
210.5000 49.4208
211.0000 49.4208
211.5000 49.4208
212.0000 49.4208
212.5000 49.4208
213.0000 49.4208
213.5000 49.4208
214.0000 49.4208
214.5000 49.4208
215.0000 49.4208
215.5000 49.4208
216.0000 49.4208
216.5000 49.4208
217.0000 49.4208
217.5000 49.4208
218.0000 49.4208
218.5000 49.4208
219.0000 49.4208
219.5000 49.4208
220.0000 49.4208
220.5000 49.4208
221.0000 49.4208
221.5000 49.4208
222.0000 49.4208
222.5000 49.4208
223.0000 49.4208
223.5000 49.4208
224.0000 49.4208
224.5000 49.4208
225.0000 49.4208
225.5000 49.4208
226.0000 49.4208
226.5000 49.4208
227.0000 49.4208
227.5000 49.4208
228.0000 49.4208
228.5000 49.4208
229.0000 49.4208
229.5000 49.4208
230.0000 49.4208
230.5000 49.4208
231.0000 49.4208
231.5000 49.4208
232.0000 49.4208
232.5000 49.4208
233.0000 49.4208
233.5000 49.4208
234.0000 49.4208
234.5000 49.4208
235.0000 49.4208
235.5000 49.4208
236.0000 49.4208
236.5000 49.4208
237.0000 49.4208
237.5000 49.4208
238.0000 49.4208
238.5000 49.4208
239.0000 49.4205
239.5000 49.4198
240.0000 49.4184
240.5000 49.4162
241.0000 49.4129
241.5000 49.4083
242.0000 49.4023
242.5000 49.3945
243.0000 49.3849
243.5000 49.3732
244.0000 49.3592
244.5000 49.3427
245.0000 49.3235
245.5000 49.3014
246.0000 49.2763
246.5000 49.2479
247.0000 49.2162
247.5000 49.1808
248.0000 49.1417
248.5000 49.0987
249.0000 49.0516
249.5000 49.0002
250.0000 48.9445
250.5000 48.8843
251.0000 48.8195
251.5000 48.7499
252.0000 48.6754
252.5000 48.5959
253.0000 48.5113
253.5000 48.4216
254.0000 48.3265
254.5000 48.2260
255.0000 48.1201
255.5000 48.0086
256.0000 47.8915
256.5000 47.7687
257.0000 47.6402
257.5000 47.5060
258.0000 47.3659
258.5000 47.2200
259.0000 47.0681
259.5000 46.9104
260.0000 46.7467
260.5000 46.5771
261.0000 46.4015
261.5000 46.2199
262.0000 46.0324
262.5000 45.8389
263.0000 45.6394
263.5000 45.4340
264.0000 45.2227
264.5000 45.0054
265.0000 44.7822
265.5000 44.5532
266.0000 44.3184
266.5000 44.0777
267.0000 43.8313
267.5000 43.5792
268.0000 43.3214
268.5000 43.0580
269.0000 42.7891
269.5000 42.5146
270.0000 42.2346
270.5000 41.9493
271.0000 41.6587
271.5000 41.3627
272.0000 41.0616
272.5000 40.7554
273.0000 40.4441
273.5000 40.1279
274.0000 39.8068
274.5000 39.4809
275.0000 39.1502
275.5000 38.8150
276.0000 38.4752
276.5000 38.1310
277.0000 37.7825
277.5000 37.4298
278.0000 37.0729
278.5000 36.7120
279.0000 36.3473
279.5000 35.9787
280.0000 35.6065
280.5000 35.2307
281.0000 34.8516
281.5000 34.4691
282.0000 34.0835
282.5000 33.6948
283.0000 33.3033
283.5000 32.9090
284.0000 32.5122
284.5000 32.1128
285.0000 31.7112
285.5000 31.3075
286.0000 30.9017
286.5000 30.4941
287.0000 30.0848
287.5000 29.6741
288.0000 29.2620
288.5000 28.8487
289.0000 28.4344
289.5000 28.0193
290.0000 27.6036
290.5000 27.1874
291.0000 26.7708
291.5000 26.3542
292.0000 25.9376
292.5000 25.5213
293.0000 25.1054
293.5000 24.6901
294.0000 24.2756
294.5000 23.8620
295.0000 23.4496
295.5000 23.0384
296.0000 22.6288
296.5000 22.2208
297.0000 21.8146
297.5000 21.4103
298.0000 21.0083
298.5000 20.6085
299.0000 20.2112
299.5000 19.8164
300.0000 19.4244
300.5000 19.0353
301.0000 18.6492
301.5000 18.2662
302.0000 17.8865
302.5000 17.5102
303.0000 17.1374
303.5000 16.7682
304.0000 16.4027
304.5000 16.0410
305.0000 15.6832
305.5000 15.3293
306.0000 14.9795
306.5000 14.6338
307.0000 14.2923
307.5000 13.9551
308.0000 13.6221
308.5000 13.2935
309.0000 12.9693
309.5000 12.6495
310.0000 12.3342
310.5000 12.0233
311.0000 11.7170
311.5000 11.4153
312.0000 11.1180
312.5000 10.8254
313.0000 10.5373
313.5000 10.2538
314.0000 9.9749
314.5000 9.7006
315.0000 9.4308
315.5000 9.1656
316.0000 8.9049
316.5000 8.6488
317.0000 8.3972
317.5000 8.1501
318.0000 7.9075
318.5000 7.6694
319.0000 7.4357
319.5000 7.2064
320.0000 6.9815
320.5000 6.7609
321.0000 6.5447
321.5000 6.3328
322.0000 6.1251
322.5000 5.9217
323.0000 5.7224
323.5000 5.5273
324.0000 5.3364
324.5000 5.1495
325.0000 4.9667
325.5000 4.7880
326.0000 4.6132
326.5000 4.4423
327.0000 4.2754
327.5000 4.1124
328.0000 3.9531
328.5000 3.7977
329.0000 3.6461
329.5000 3.4981
330.0000 3.3539
330.5000 3.2133
331.0000 3.0764
331.5000 2.9430
332.0000 2.8131
332.5000 2.6868
333.0000 2.5639
333.5000 2.4445
334.0000 2.3284
334.5000 2.2158
335.0000 2.1064
335.5000 2.0003
336.0000 1.8975
336.5000 1.7979
337.0000 1.7015
337.5000 1.6082
338.0000 1.5180
338.5000 1.4309
339.0000 1.3469
339.5000 1.2658
340.0000 1.1877
340.5000 1.1126
341.0000 1.0403
341.5000 0.9709
342.0000 0.9043
342.5000 0.8405
343.0000 0.7795
343.5000 0.7212
344.0000 0.6655
344.5000 0.6125
345.0000 0.5621
345.5000 0.5142
346.0000 0.4689
346.5000 0.4260
347.0000 0.3855
347.5000 0.3475
348.0000 0.3118
348.5000 0.2784
349.0000 0.2472
349.5000 0.2182
350.0000 0.1914
350.5000 0.1667
351.0000 0.1440
351.5000 0.1233
352.0000 0.1045
352.5000 0.0876
353.0000 0.0725
353.5000 0.0591
354.0000 0.0474
354.5000 0.0372
355.0000 0.0285
355.5000 0.0212
356.0000 0.0152
356.5000 0.0104
357.0000 0.0067
357.5000 0.0040
358.0000 0.0021
358.5000 0.0009
359.0000 0.0003
359.5000 0.0001
