0.0000 0.0000
0.5000 0.0000
1.0000 0.0000
1.5000 0.0000
2.0000 0.0000
2.5000 0.0000
3.0000 0.0000
3.5000 0.0000
4.0000 0.0000
4.5000 0.0000
5.0000 0.0000
5.5000 0.0000
6.0000 0.0000
6.5000 0.0000
7.0000 0.0000
7.5000 0.0000
8.0000 0.0000
8.5000 0.0000
9.0000 0.0000
9.5000 0.0000
10.0000 0.0000
10.5000 0.0000
11.0000 0.0000
11.5000 0.0000
12.0000 0.0000
12.5000 0.0000
13.0000 0.0000
13.5000 0.0000
14.0000 0.0000
14.5000 0.0000
15.0000 0.0000
15.5000 0.0000
16.0000 0.0000
16.5000 0.0000
17.0000 0.0000
17.5000 0.0000
18.0000 0.0000
18.5000 0.0000
19.0000 0.0000
19.5000 0.0000
20.0000 0.0000
20.5000 0.0000
21.0000 0.0000
21.5000 0.0000
22.0000 0.0000
22.5000 0.0000
23.0000 0.0000
23.5000 0.0000
24.0000 0.0000
24.5000 0.0000
25.0000 0.0000
25.5000 0.0000
26.0000 0.0000
26.5000 0.0000
27.0000 0.0000
27.5000 0.0000
28.0000 0.0000
28.5000 0.0000
29.0000 0.0000
29.5000 0.0000
30.0000 0.0000
30.5000 0.0000
31.0000 0.0000
31.5000 0.0000
32.0000 0.0000
32.5000 0.0000
33.0000 0.0000
33.5000 0.0000
34.0000 0.0000
34.5000 0.0000
35.0000 0.0000
35.5000 0.0000
36.0000 0.0000
36.5000 0.0000
37.0000 0.0000
37.5000 0.0000
38.0000 0.0000
38.5000 0.0000
39.0000 0.0000
39.5000 0.0000
40.0000 0.0000
40.5000 0.0000
41.0000 0.0000
41.5000 0.0000
42.0000 0.0000
42.5000 0.0000
43.0000 0.0000
43.5000 0.0000
44.0000 0.0000
44.5000 0.0000
45.0000 0.0000
45.5000 0.0000
46.0000 0.0000
46.5000 0.0000
47.0000 0.0000
47.5000 0.0000
48.0000 0.0000
48.5000 0.0000
49.0000 0.0000
49.5000 0.0000
50.0000 0.0000
50.5000 0.0000
51.0000 0.0000
51.5000 0.0000
52.0000 0.0000
52.5000 0.0000
53.0000 0.0000
53.5000 0.0000
54.0000 0.0000
54.5000 0.0000
55.0000 0.0000
55.5000 0.0000
56.0000 0.0000
56.5000 0.0000
57.0000 0.0000
57.5000 0.0000
58.0000 0.0000
58.5000 0.0000
59.0000 0.0000
59.5000 0.0000
60.0000 0.0000
60.5000 0.0000
61.0000 0.0000
61.5000 0.0000
62.0000 0.0000
62.5000 0.0000
63.0000 0.0000
63.5000 0.0000
64.0000 0.0000
64.5000 0.0000
65.0000 0.0000
65.5000 0.0000
66.0000 0.0000
66.5000 0.0000
67.0000 0.0000
67.5000 0.0000
68.0000 0.0000
68.5000 0.0000
69.0000 0.0000
69.5000 0.0000
70.0000 0.0000
70.5000 0.0000
71.0000 0.0000
71.5000 0.0000
72.0000 0.0000
72.5000 0.0000
73.0000 0.0000
73.5000 0.0000
74.0000 0.0000
74.5000 0.0000
75.0000 0.0000
75.5000 0.0000
76.0000 0.0000
76.5000 0.0000
77.0000 0.0000
77.5000 0.0000
78.0000 0.0000
78.5000 0.0000
79.0000 0.0000
79.5000 0.0000
80.0000 0.0000
80.5000 0.0000
81.0000 0.0000
81.5000 0.0000
82.0000 0.0000
82.5000 0.0000
83.0000 0.0000
83.5000 0.0000
84.0000 0.0000
84.5000 0.0000
85.0000 0.0000
85.5000 0.0000
86.0000 0.0000
86.5000 0.0000
87.0000 0.0000
87.5000 0.0000
88.0000 0.0000
88.5000 0.0000
89.0000 0.0000
89.5000 0.0000
90.0000 0.0000
90.5000 0.0000
91.0000 0.0000
91.5000 0.0000
92.0000 0.0000
92.5000 0.0000
93.0000 0.0000
93.5000 0.0000
94.0000 0.0000
94.5000 0.0000
95.0000 0.0000
95.5000 0.0000
96.0000 0.0000
96.5000 0.0000
97.0000 0.0000
97.5000 0.0000
98.0000 0.0000
98.5000 0.0000
99.0000 0.0000
99.5000 0.0000
100.0000 0.0000
100.5000 0.0000
101.0000 0.0000
101.5000 0.0000
102.0000 0.0000
102.5000 0.0000
103.0000 0.0000
103.5000 0.0000
104.0000 0.0000
104.5000 0.0000
105.0000 0.0000
105.5000 0.0000
106.0000 0.0000
106.5000 0.0000
107.0000 0.0000
107.5000 0.0000
108.0000 0.0000
108.5000 0.0000
109.0000 0.0000
109.5000 0.0000
110.0000 0.0000
110.5000 0.0000
111.0000 0.0000
111.5000 0.0000
112.0000 0.0000
112.5000 0.0000
113.0000 0.0000
113.5000 0.0000
114.0000 0.0000
114.5000 0.0000
115.0000 0.0000
115.5000 0.0000
116.0000 0.0000
116.5000 0.0000
117.0000 0.0000
117.5000 0.0000
118.0000 0.0000
118.5000 0.0000
119.0000 0.0000
119.5000 0.0000
120.0000 0.0000
120.5000 0.0001
121.0000 0.0003
121.5000 0.0009
122.0000 0.0021
122.5000 0.0040
123.0000 0.0067
123.5000 0.0104
124.0000 0.0152
124.5000 0.0212
125.0000 0.0285
125.5000 0.0372
126.0000 0.0474
126.5000 0.0591
127.0000 0.0725
127.5000 0.0876
128.0000 0.1046
128.5000 0.1233
129.0000 0.1440
129.5000 0.1667
130.0000 0.1914
130.5000 0.2182
131.0000 0.2472
131.5000 0.2784
132.0000 0.3118
132.5000 0.3475
133.0000 0.3856
133.5000 0.4260
134.0000 0.4689
134.5000 0.5142
135.0000 0.5621
135.5000 0.6125
136.0000 0.6655
136.5000 0.7212
137.0000 0.7795
137.5000 0.8406
138.0000 0.9044
138.5000 0.9709
139.0000 1.0403
139.5000 1.1126
140.0000 1.1877
140.5000 1.2658
141.0000 1.3469
141.5000 1.4309
142.0000 1.5180
142.5000 1.6082
143.0000 1.7015
143.5000 1.7979
144.0000 1.8975
144.5000 2.0003
145.0000 2.1064
145.5000 2.2158
146.0000 2.3285
146.5000 2.4445
147.0000 2.5639
147.5000 2.6868
148.0000 2.8132
148.5000 2.9430
149.0000 3.0764
149.5000 3.2134
150.0000 3.3539
150.5000 3.4982
151.0000 3.6461
151.5000 3.7977
152.0000 3.9532
152.5000 4.1124
153.0000 4.2754
153.5000 4.4424
154.0000 4.6132
154.5000 4.7880
155.0000 4.9668
155.5000 5.1496
156.0000 5.3364
156.5000 5.5274
157.0000 5.7224
157.5000 5.9217
158.0000 6.1251
158.5000 6.3328
159.0000 6.5447
159.5000 6.7610
160.0000 6.9815
160.5000 7.2064
161.0000 7.4357
161.5000 7.6694
162.0000 7.9076
162.5000 8.1502
163.0000 8.3973
163.5000 8.6489
164.0000 8.9050
164.5000 9.1656
165.0000 9.4308
165.5000 9.7006
166.0000 9.9749
166.5000 10.2538
167.0000 10.5373
167.5000 10.8254
168.0000 11.1181
168.5000 11.4153
169.0000 11.7170
169.5000 12.0234
170.0000 12.3342
170.5000 12.6495
171.0000 12.9693
171.5000 13.2935
172.0000 13.6221
172.5000 13.9551
173.0000 14.2923
173.5000 14.6338
174.0000 14.9795
174.5000 15.3293
175.0000 15.6832
175.5000 16.0410
176.0000 16.4027
176.5000 16.7682
177.0000 17.1374
177.5000 17.5103
178.0000 17.8866
178.5000 18.2663
179.0000 18.6492
179.5000 19.0353
180.0000 19.4244
180.5000 19.8164
181.0000 20.2112
181.5000 20.6085
182.0000 21.0083
182.5000 21.4104
183.0000 21.8146
183.5000 22.2208
184.0000 22.6288
184.5000 23.0385
185.0000 23.4496
185.5000 23.8620
186.0000 24.2756
186.5000 24.6901
187.0000 25.1054
187.5000 25.5213
188.0000 25.9377
188.5000 26.3542
189.0000 26.7709
189.5000 27.1874
190.0000 27.6036
190.5000 28.0194
191.0000 28.4344
191.5000 28.8487
192.0000 29.2620
192.5000 29.6741
193.0000 30.0849
193.5000 30.4941
194.0000 30.9017
194.5000 31.3075
195.0000 31.7113
195.5000 32.1129
196.0000 32.5122
196.5000 32.9091
197.0000 33.3033
197.5000 33.6949
198.0000 34.0835
198.5000 34.4691
199.0000 34.8516
199.5000 35.2308
200.0000 35.6065
200.5000 35.9787
201.0000 36.3473
201.5000 36.7121
202.0000 37.0729
202.5000 37.4298
203.0000 37.7825
203.5000 38.1311
204.0000 38.4752
204.5000 38.8150
205.0000 39.1503
205.5000 39.4809
206.0000 39.8068
206.5000 40.1279
207.0000 40.4441
207.5000 40.7554
208.0000 41.0616
208.5000 41.3628
209.0000 41.6587
209.5000 41.9493
210.0000 42.2347
210.5000 42.5146
211.0000 42.7891
211.5000 43.0581
212.0000 43.3215
212.5000 43.5792
213.0000 43.8314
213.5000 44.0778
214.0000 44.3184
214.5000 44.5532
215.0000 44.7823
215.5000 45.0054
216.0000 45.2227
216.5000 45.4340
217.0000 45.6394
217.5000 45.8389
218.0000 46.0324
218.5000 46.2200
219.0000 46.4015
219.5000 46.5771
220.0000 46.7468
220.5000 46.9104
221.0000 47.0682
221.5000 47.2200
222.0000 47.3659
222.5000 47.5060
223.0000 47.6403
223.5000 47.7687
224.0000 47.8915
224.5000 48.0086
225.0000 48.1201
225.5000 48.2260
226.0000 48.3265
226.5000 48.4216
227.0000 48.5114
227.5000 48.5960
228.0000 48.6754
228.5000 48.7499
229.0000 48.8195
229.5000 48.8844
230.0000 48.9446
230.5000 49.0002
231.0000 49.0516
231.5000 49.0987
232.0000 49.1417
232.5000 49.1808
233.0000 49.2162
233.5000 49.2480
234.0000 49.2763
234.5000 49.3014
235.0000 49.3235
235.5000 49.3427
236.0000 49.3592
236.5000 49.3732
237.0000 49.3849
237.5000 49.3946
238.0000 49.4023
238.5000 49.4083
239.0000 49.4129
239.5000 49.4162
240.0000 49.4184
240.5000 49.4198
241.0000 49.4205
241.5000 49.4208
242.0000 49.4208
242.5000 49.4208
243.0000 49.4206
243.5000 49.4200
244.0000 49.4187
244.5000 49.4167
245.0000 49.4136
245.5000 49.4093
246.0000 49.4035
246.5000 49.3960
247.0000 49.3867
247.5000 49.3753
248.0000 49.3616
248.5000 49.3454
249.0000 49.3264
249.5000 49.3045
250.0000 49.2795
250.5000 49.2512
251.0000 49.2193
251.5000 49.1836
252.0000 49.1440
252.5000 49.1002
253.0000 49.0521
253.5000 48.9994
254.0000 48.9420
254.5000 48.8797
255.0000 48.8122
255.5000 48.7394
256.0000 48.6611
256.5000 48.5771
257.0000 48.4873
257.5000 48.3914
258.0000 48.2894
258.5000 48.1810
259.0000 48.0660
259.5000 47.9445
260.0000 47.8161
260.5000 47.6807
261.0000 47.5383
261.5000 47.3886
262.0000 47.2316
262.5000 47.0671
263.0000 46.8951
263.5000 46.7154
264.0000 46.5280
264.5000 46.3327
265.0000 46.1296
265.5000 45.9185
266.0000 45.6993
266.5000 45.4722
267.0000 45.2370
267.5000 44.9936
268.0000 44.7422
268.5000 44.4827
269.0000 44.2152
269.5000 43.9396
270.0000 43.6561
270.5000 43.3646
271.0000 43.0653
271.5000 42.7582
272.0000 42.4434
272.5000 42.1211
273.0000 41.7914
273.5000 41.4544
274.0000 41.1102
274.5000 40.7590
275.0000 40.4010
275.5000 40.0364
276.0000 39.6654
276.5000 39.2881
277.0000 38.9048
277.5000 38.5157
278.0000 38.1210
278.5000 37.7210
279.0000 37.3159
279.5000 36.9059
280.0000 36.4913
280.5000 36.0725
281.0000 35.6495
281.5000 35.2228
282.0000 34.7925
282.5000 34.3589
283.0000 33.9224
283.5000 33.4832
284.0000 33.0415
284.5000 32.5977
285.0000 32.1520
285.5000 31.7047
286.0000 31.2560
286.5000 30.8062
287.0000 30.3557
287.5000 29.9045
288.0000 29.4531
288.5000 29.0016
289.0000 28.5503
289.5000 28.0994
290.0000 27.6492
290.5000 27.1999
291.0000 26.7517
291.5000 26.3049
292.0000 25.8596
292.5000 25.4160
293.0000 24.9743
293.5000 24.5348
294.0000 24.0976
294.5000 23.6629
295.0000 23.2308
295.5000 22.8015
296.0000 22.3752
296.5000 21.9520
297.0000 21.5321
297.5000 21.1155
298.0000 20.7023
298.5000 20.2928
299.0000 19.8871
299.5000 19.4851
300.0000 19.0870
300.5000 18.6930
301.0000 18.3030
301.5000 17.9172
302.0000 17.5356
302.5000 17.1584
303.0000 16.7854
303.5000 16.4169
304.0000 16.0528
304.5000 15.6933
305.0000 15.3382
305.5000 14.9878
306.0000 14.6419
306.5000 14.3007
307.0000 13.9640
307.5000 13.6321
308.0000 13.3048
308.5000 12.9822
309.0000 12.6643
309.5000 12.3510
310.0000 12.0425
310.5000 11.7386
311.0000 11.4394
311.5000 11.1448
312.0000 10.8549
312.5000 10.5697
313.0000 10.2890
313.5000 10.0130
314.0000 9.7415
314.5000 9.4746
315.0000 9.2123
315.5000 8.9544
316.0000 8.7011
316.5000 8.4522
317.0000 8.2077
317.5000 7.9676
318.0000 7.7320
318.5000 7.5006
319.0000 7.2736
319.5000 7.0508
320.0000 6.8323
320.5000 6.6180
321.0000 6.4079
321.5000 6.2019
322.0000 6.0001
322.5000 5.8023
323.0000 5.6086
323.5000 5.4188
324.0000 5.2330
324.5000 5.0512
325.0000 4.8733
325.5000 4.6992
326.0000 4.5290
326.5000 4.3625
327.0000 4.1998
327.5000 4.0408
328.0000 3.8855
328.5000 3.7339
329.0000 3.5859
329.5000 3.4414
330.0000 3.3006
330.5000 3.1632
331.0000 3.0293
331.5000 2.8988
332.0000 2.7718
332.5000 2.6481
333.0000 2.5278
333.5000 2.4108
334.0000 2.2971
334.5000 2.1866
335.0000 2.0793
335.5000 1.9752
336.0000 1.8743
336.5000 1.7765
337.0000 1.6817
337.5000 1.5900
338.0000 1.5013
338.5000 1.4156
339.0000 1.3329
339.5000 1.2531
340.0000 1.1761
340.5000 1.1021
341.0000 1.0308
341.5000 0.9623
342.0000 0.8966
342.5000 0.8336
343.0000 0.7733
343.5000 0.7157
344.0000 0.6607
344.5000 0.6082
345.0000 0.5583
345.5000 0.5109
346.0000 0.4660
346.5000 0.4235
347.0000 0.3834
347.5000 0.3457
348.0000 0.3102
348.5000 0.2771
349.0000 0.2461
349.5000 0.2173
350.0000 0.1907
350.5000 0.1661
351.0000 0.1436
351.5000 0.1230
352.0000 0.1043
352.5000 0.0874
353.0000 0.0724
353.5000 0.0590
354.0000 0.0473
354.5000 0.0371
355.0000 0.0285
355.5000 0.0212
356.0000 0.0152
356.5000 0.0104
357.0000 0.0067
357.5000 0.0040
358.0000 0.0021
358.5000 0.0009
359.0000 0.0003
359.5000 0.0001
