0.0000 0.0000
0.5000 0.0000
1.0000 0.0000
1.5000 0.0000
2.0000 0.0000
2.5000 0.0000
3.0000 0.0000
3.5000 0.0000
4.0000 0.0000
4.5000 0.0000
5.0000 0.0000
5.5000 0.0000
6.0000 0.0000
6.5000 0.0000
7.0000 0.0000
7.5000 0.0000
8.0000 0.0000
8.5000 0.0000
9.0000 0.0000
9.5000 0.0000
10.0000 0.0000
10.5000 0.0000
11.0000 0.0000
11.5000 0.0000
12.0000 0.0000
12.5000 0.0000
13.0000 0.0000
13.5000 0.0000
14.0000 0.0000
14.5000 0.0000
15.0000 0.0000
15.5000 0.0000
16.0000 0.0000
16.5000 0.0000
17.0000 0.0000
17.5000 0.0000
18.0000 0.0000
18.5000 0.0000
19.0000 0.0000
19.5000 0.0000
20.0000 0.0000
20.5000 0.0000
21.0000 0.0000
21.5000 0.0000
22.0000 0.0000
22.5000 0.0000
23.0000 0.0000
23.5000 0.0000
24.0000 0.0000
24.5000 0.0000
25.0000 0.0000
25.5000 0.0000
26.0000 0.0000
26.5000 0.0000
27.0000 0.0000
27.5000 0.0000
28.0000 0.0000
28.5000 0.0000
29.0000 0.0000
29.5000 0.0000
30.0000 0.0000
30.5000 0.0000
31.0000 0.0000
31.5000 0.0000
32.0000 0.0000
32.5000 0.0000
33.0000 0.0000
33.5000 0.0000
34.0000 0.0000
34.5000 0.0000
35.0000 0.0000
35.5000 0.0000
36.0000 0.0000
36.5000 0.0000
37.0000 0.0000
37.5000 0.0000
38.0000 0.0000
38.5000 0.0000
39.0000 0.0000
39.5000 0.0000
40.0000 0.0000
40.5000 0.0000
41.0000 0.0000
41.5000 0.0000
42.0000 0.0000
42.5000 0.0000
43.0000 0.0000
43.5000 0.0000
44.0000 0.0000
44.5000 0.0000
45.0000 0.0000
45.5000 0.0000
46.0000 0.0000
46.5000 0.0000
47.0000 0.0000
47.5000 0.0000
48.0000 0.0000
48.5000 0.0000
49.0000 0.0000
49.5000 0.0000
50.0000 0.0000
50.5000 0.0000
51.0000 0.0000
51.5000 0.0000
52.0000 0.0000
52.5000 0.0000
53.0000 0.0000
53.5000 0.0000
54.0000 0.0000
54.5000 0.0000
55.0000 0.0000
55.5000 0.0000
56.0000 0.0000
56.5000 0.0000
57.0000 0.0000
57.5000 0.0000
58.0000 0.0000
58.5000 0.0000
59.0000 0.0000
59.5000 0.0000
60.0000 0.0000
60.5000 0.0001
61.0000 0.0002
61.5000 0.0006
62.0000 0.0013
62.5000 0.0025
63.0000 0.0043
63.5000 0.0067
64.0000 0.0099
64.5000 0.0139
65.0000 0.0189
65.5000 0.0248
66.0000 0.0318
66.5000 0.0400
67.0000 0.0494
67.5000 0.0601
68.0000 0.0721
68.5000 0.0855
69.0000 0.1004
69.5000 0.1168
70.0000 0.1347
70.5000 0.1543
71.0000 0.1756
71.5000 0.1985
72.0000 0.2232
72.5000 0.2497
73.0000 0.2780
73.5000 0.3082
74.0000 0.3403
74.5000 0.3743
75.0000 0.4103
75.5000 0.4483
76.0000 0.4883
76.5000 0.5304
77.0000 0.5746
77.5000 0.6209
78.0000 0.6693
78.5000 0.7199
79.0000 0.7727
79.5000 0.8277
80.0000 0.8849
80.5000 0.9443
81.0000 1.0060
81.5000 1.0699
82.0000 1.1362
82.5000 1.2048
83.0000 1.2756
83.5000 1.3488
84.0000 1.4243
84.5000 1.5022
85.0000 1.5824
85.5000 1.6650
86.0000 1.7500
86.5000 1.8373
87.0000 1.9270
87.5000 2.0192
88.0000 2.1137
88.5000 2.2106
89.0000 2.3100
89.5000 2.4118
90.0000 2.5160
90.5000 2.6227
91.0000 2.7319
91.5000 2.8435
92.0000 2.9576
92.5000 3.0742
93.0000 3.1933
93.5000 3.3148
94.0000 3.4389
94.5000 3.5655
95.0000 3.6947
95.5000 3.8263
96.0000 3.9605
96.5000 4.0973
97.0000 4.2366
97.5000 4.3784
98.0000 4.5228
98.5000 4.6698
99.0000 4.8194
99.5000 4.9715
100.0000 5.1263
100.5000 5.2836
101.0000 5.4435
101.5000 5.6060
102.0000 5.7711
102.5000 5.9388
103.0000 6.1091
103.5000 6.2820
104.0000 6.4575
104.5000 6.6356
105.0000 6.8163
105.5000 6.9995
106.0000 7.1854
106.5000 7.3739
107.0000 7.5650
107.5000 7.7586
108.0000 7.9548
108.5000 8.1536
109.0000 8.3549
109.5000 8.5588
110.0000 8.7653
110.5000 8.9743
111.0000 9.1857
111.5000 9.3997
112.0000 9.6162
112.5000 9.8352
113.0000 10.0567
113.5000 10.2806
114.0000 10.5069
114.5000 10.7356
115.0000 10.9668
115.5000 11.2003
116.0000 11.4361
116.5000 11.6743
117.0000 11.9148
117.5000 12.1575
118.0000 12.4025
118.5000 12.6498
119.0000 12.8992
119.5000 13.1508
120.0000 13.4045
120.5000 13.6603
121.0000 13.9181
121.5000 14.1780
122.0000 14.4399
122.5000 14.7038
123.0000 14.9695
123.5000 15.2371
124.0000 15.5066
124.5000 15.7778
125.0000 16.0509
125.5000 16.3256
126.0000 16.6019
126.5000 16.8799
127.0000 17.1595
127.5000 17.4406
128.0000 17.7231
128.5000 18.0071
129.0000 18.2924
129.5000 18.5791
130.0000 18.8670
130.5000 19.1562
131.0000 19.4465
131.5000 19.7379
132.0000 20.0304
132.5000 20.3239
133.0000 20.6183
133.5000 20.9136
134.0000 21.2098
134.5000 21.5067
135.0000 21.8044
135.5000 22.1027
136.0000 22.4017
136.5000 22.7012
137.0000 23.0012
137.5000 23.3016
138.0000 23.6024
138.5000 23.9035
139.0000 24.2049
139.5000 24.5065
140.0000 24.8082
140.5000 25.1101
141.0000 25.4120
141.5000 25.7138
142.0000 26.0156
142.5000 26.3172
143.0000 26.6187
143.5000 26.9199
144.0000 27.2208
144.5000 27.5213
145.0000 27.8215
145.5000 28.1211
146.0000 28.4203
146.5000 28.7188
147.0000 29.0168
147.5000 29.3140
148.0000 29.6106
148.5000 29.9063
149.0000 30.2012
149.5000 30.4952
150.0000 30.7883
150.5000 31.0804
151.0000 31.3715
151.5000 31.6614
152.0000 31.9503
152.5000 32.2379
153.0000 32.5244
153.5000 32.8095
154.0000 33.0933
154.5000 33.3758
155.0000 33.6569
155.5000 33.9365
156.0000 34.2146
156.5000 34.4912
157.0000 34.7661
157.5000 35.0395
158.0000 35.3112
158.5000 35.5812
159.0000 35.8494
159.5000 36.1159
160.0000 36.3805
160.5000 36.6433
161.0000 36.9041
161.5000 37.1630
162.0000 37.4200
162.5000 37.6749
163.0000 37.9278
163.5000 38.1786
164.0000 38.4273
164.5000 38.6738
165.0000 38.9181
165.5000 39.1602
166.0000 39.4001
166.5000 39.6377
167.0000 39.8729
167.5000 40.1059
168.0000 40.3364
168.5000 40.5645
169.0000 40.7902
169.5000 41.0135
170.0000 41.2342
170.5000 41.4524
171.0000 41.6681
171.5000 41.8811
172.0000 42.0916
172.5000 42.2995
173.0000 42.5046
173.5000 42.7071
174.0000 42.9069
174.5000 43.1040
175.0000 43.2983
175.5000 43.4899
176.0000 43.6786
176.5000 43.8645
177.0000 44.0476
177.5000 44.2278
178.0000 44.4051
178.5000 44.5795
179.0000 44.7510
179.5000 44.9195
180.0000 45.0851
180.5000 45.2476
181.0000 45.4072
181.5000 45.5638
182.0000 45.7173
182.5000 45.8677
183.0000 46.0151
183.5000 46.1594
184.0000 46.3006
184.5000 46.4387
185.0000 46.5736
185.5000 46.7054
186.0000 46.8341
186.5000 46.9595
187.0000 47.0818
187.5000 47.2009
188.0000 47.3168
188.5000 47.4294
189.0000 47.5389
189.5000 47.6451
190.0000 47.7480
190.5000 47.8477
191.0000 47.9442
191.5000 48.0373
192.0000 48.1272
192.5000 48.2138
193.0000 48.2972
193.5000 48.3772
194.0000 48.4539
194.5000 48.5274
195.0000 48.5975
195.5000 48.6644
196.0000 48.7279
196.5000 48.7881
197.0000 48.8451
197.5000 48.8989
198.0000 48.9494
198.5000 48.9969
199.0000 49.0412
199.5000 49.0825
200.0000 49.1208
200.5000 49.1562
201.0000 49.1889
201.5000 49.2188
202.0000 49.2461
202.5000 49.2708
203.0000 49.2932
203.5000 49.3132
204.0000 49.3311
204.5000 49.3468
205.0000 49.3607
205.5000 49.3726
206.0000 49.3829
206.5000 49.3916
207.0000 49.3989
207.5000 49.4048
208.0000 49.4095
208.5000 49.4133
209.0000 49.4160
209.5000 49.4180
210.0000 49.4194
210.5000 49.4202
211.0000 49.4206
211.5000 49.4208
212.0000 49.4208
212.5000 49.4208
213.0000 49.4207
213.5000 49.4203
214.0000 49.4196
214.5000 49.4183
215.0000 49.4165
215.5000 49.4138
216.0000 49.4103
216.5000 49.4057
217.0000 49.4000
217.5000 49.3930
218.0000 49.3845
218.5000 49.3745
219.0000 49.3627
219.5000 49.3491
220.0000 49.3335
220.5000 49.3159
221.0000 49.2959
221.5000 49.2737
222.0000 49.2489
222.5000 49.2215
223.0000 49.1914
223.5000 49.1585
224.0000 49.1226
224.5000 49.0837
225.0000 49.0417
225.5000 48.9964
226.0000 48.9479
226.5000 48.8959
227.0000 48.8405
227.5000 48.7816
228.0000 48.7192
228.5000 48.6531
229.0000 48.5834
229.5000 48.5101
230.0000 48.4331
230.5000 48.3524
231.0000 48.2681
231.5000 48.1800
232.0000 48.0882
232.5000 47.9927
233.0000 47.8935
233.5000 47.7905
234.0000 47.6838
234.5000 47.5733
235.0000 47.4590
235.5000 47.3410
236.0000 47.2192
236.5000 47.0937
237.0000 46.9643
237.5000 46.8313
238.0000 46.6944
238.5000 46.5537
239.0000 46.4093
239.5000 46.2612
240.0000 46.1092
240.5000 45.9536
241.0000 45.7942
241.5000 45.6310
242.0000 45.4642
242.5000 45.2936
243.0000 45.1193
243.5000 44.9414
244.0000 44.7598
244.5000 44.5746
245.0000 44.3857
245.5000 44.1932
246.0000 43.9972
246.5000 43.7976
247.0000 43.5944
247.5000 43.3878
248.0000 43.1777
248.5000 42.9641
249.0000 42.7471
249.5000 42.5267
250.0000 42.3030
250.5000 42.0760
251.0000 41.8457
251.5000 41.6121
252.0000 41.3753
252.5000 41.1354
253.0000 40.8924
253.5000 40.6463
254.0000 40.3972
254.5000 40.1450
255.0000 39.8900
255.5000 39.6321
256.0000 39.3714
256.5000 39.1078
257.0000 38.8416
257.5000 38.5727
258.0000 38.3012
258.5000 38.0271
259.0000 37.7506
259.5000 37.4716
260.0000 37.1903
260.5000 36.9066
261.0000 36.6207
261.5000 36.3327
262.0000 36.0425
262.5000 35.7503
263.0000 35.4561
263.5000 35.1600
264.0000 34.8620
264.5000 34.5623
265.0000 34.2609
265.5000 33.9579
266.0000 33.6533
266.5000 33.3472
267.0000 33.0398
267.5000 32.7310
268.0000 32.4209
268.5000 32.1097
269.0000 31.7973
269.5000 31.4840
270.0000 31.1696
270.5000 30.8544
271.0000 30.5384
271.5000 30.2217
272.0000 29.9043
272.5000 29.5863
273.0000 29.2678
273.5000 28.9489
274.0000 28.6296
274.5000 28.3101
275.0000 27.9904
275.5000 27.6705
276.0000 27.3505
276.5000 27.0306
277.0000 26.7108
277.5000 26.3911
278.0000 26.0717
278.5000 25.7526
279.0000 25.4338
279.5000 25.1155
280.0000 24.7977
280.5000 24.4805
281.0000 24.1639
281.5000 23.8480
282.0000 23.5329
282.5000 23.2187
283.0000 22.9053
283.5000 22.5929
284.0000 22.2815
284.5000 21.9712
285.0000 21.6621
285.5000 21.3541
286.0000 21.0474
286.5000 20.7420
287.0000 20.4380
287.5000 20.1354
288.0000 19.8342
288.5000 19.5346
289.0000 19.2365
289.5000 18.9400
290.0000 18.6452
290.5000 18.3521
291.0000 18.0607
291.5000 17.7711
292.0000 17.4834
292.5000 17.1975
293.0000 16.9135
293.5000 16.6315
294.0000 16.3514
294.5000 16.0734
295.0000 15.7974
295.5000 15.5235
296.0000 15.2517
296.5000 14.9820
297.0000 14.7146
297.5000 14.4493
298.0000 14.1862
298.5000 13.9254
299.0000 13.6669
299.5000 13.4106
300.0000 13.1567
300.5000 12.9051
301.0000 12.6559
301.5000 12.4090
302.0000 12.1645
302.5000 11.9225
303.0000 11.6829
303.5000 11.4457
304.0000 11.2109
304.5000 10.9787
305.0000 10.7489
305.5000 10.5216
306.0000 10.2968
306.5000 10.0745
307.0000 9.8547
307.5000 9.6375
308.0000 9.4227
308.5000 9.2105
309.0000 9.0009
309.5000 8.7938
310.0000 8.5892
310.5000 8.3873
311.0000 8.1878
311.5000 7.9909
312.0000 7.7966
312.5000 7.6048
313.0000 7.4156
313.5000 7.2290
314.0000 7.0449
314.5000 6.8634
315.0000 6.6844
315.5000 6.5080
316.0000 6.3341
316.5000 6.1628
317.0000 5.9940
317.5000 5.8278
318.0000 5.6641
318.5000 5.5030
319.0000 5.3444
319.5000 5.1882
320.0000 5.0347
320.5000 4.8836
321.0000 4.7350
321.5000 4.5890
322.0000 4.4454
322.5000 4.3043
323.0000 4.1657
323.5000 4.0296
324.0000 3.8960
324.5000 3.7648
325.0000 3.6360
325.5000 3.5097
326.0000 3.3859
326.5000 3.2645
327.0000 3.1455
327.5000 3.0289
328.0000 2.9147
328.5000 2.8030
329.0000 2.6936
329.5000 2.5866
330.0000 2.4820
330.5000 2.3798
331.0000 2.2799
331.5000 2.1824
332.0000 2.0873
332.5000 1.9944
333.0000 1.9040
333.5000 1.8158
334.0000 1.7299
334.5000 1.6464
335.0000 1.5651
335.5000 1.4862
336.0000 1.4095
336.5000 1.3352
337.0000 1.2631
337.5000 1.1932
338.0000 1.1256
338.5000 1.0603
339.0000 0.9972
339.5000 0.9363
340.0000 0.8776
340.5000 0.8211
341.0000 0.7667
341.5000 0.7146
342.0000 0.6645
342.5000 0.6166
343.0000 0.5708
343.5000 0.5271
344.0000 0.4854
344.5000 0.4457
345.0000 0.4080
345.5000 0.3723
346.0000 0.3386
346.5000 0.3067
347.0000 0.2768
347.5000 0.2486
348.0000 0.2223
348.5000 0.1978
349.0000 0.1749
349.5000 0.1538
350.0000 0.1343
350.5000 0.1165
351.0000 0.1001
351.5000 0.0853
352.0000 0.0719
352.5000 0.0600
353.0000 0.0493
353.5000 0.0400
354.0000 0.0318
354.5000 0.0248
355.0000 0.0189
355.5000 0.0139
356.0000 0.0099
356.5000 0.0067
357.0000 0.0043
357.5000 0.0025
358.0000 0.0013
358.5000 0.0006
359.0000 0.0002
359.5000 0.0001
