0.0000 0.0000
0.5000 0.0000
1.0000 0.0002
1.5000 0.0006
2.0000 0.0013
2.5000 0.0025
3.0000 0.0043
3.5000 0.0067
4.0000 0.0099
4.5000 0.0139
5.0000 0.0188
5.5000 0.0248
6.0000 0.0318
6.5000 0.0399
7.0000 0.0493
7.5000 0.0599
8.0000 0.0719
8.5000 0.0853
9.0000 0.1001
9.5000 0.1164
10.0000 0.1343
10.5000 0.1538
11.0000 0.1749
11.5000 0.1977
12.0000 0.2223
12.5000 0.2486
13.0000 0.2767
13.5000 0.3067
14.0000 0.3386
14.5000 0.3723
15.0000 0.4080
15.5000 0.4457
16.0000 0.4854
16.5000 0.5271
17.0000 0.5708
17.5000 0.6166
18.0000 0.6645
18.5000 0.7146
19.0000 0.7667
19.5000 0.8211
20.0000 0.8776
20.5000 0.9362
21.0000 0.9971
21.5000 1.0603
22.0000 1.1256
22.5000 1.1932
23.0000 1.2630
23.5000 1.3351
24.0000 1.4095
24.5000 1.4862
25.0000 1.5651
25.5000 1.6464
26.0000 1.7299
26.5000 1.8158
27.0000 1.9039
27.5000 1.9944
28.0000 2.0872
28.5000 2.1824
29.0000 2.2799
29.5000 2.3798
30.0000 2.4820
30.5000 2.5866
31.0000 2.6936
31.5000 2.8030
32.0000 2.9147
32.5000 3.0289
33.0000 3.1455
33.5000 3.2645
34.0000 3.3859
34.5000 3.5097
35.0000 3.6360
35.5000 3.7647
36.0000 3.8959
36.5000 4.0296
37.0000 4.1657
37.5000 4.3043
38.0000 4.4454
38.5000 4.5889
39.0000 4.7350
39.5000 4.8836
40.0000 5.0346
40.5000 5.1882
41.0000 5.3443
41.5000 5.5030
42.0000 5.6641
42.5000 5.8278
43.0000 5.9940
43.5000 6.1628
44.0000 6.3341
44.5000 6.5080
45.0000 6.6844
45.5000 6.8634
46.0000 7.0449
46.5000 7.2290
47.0000 7.4156
47.5000 7.6048
48.0000 7.7966
48.5000 7.9909
49.0000 8.1878
49.5000 8.3872
50.0000 8.5892
50.5000 8.7938
51.0000 9.0009
51.5000 9.2105
52.0000 9.4227
52.5000 9.6374
53.0000 9.8547
53.5000 10.0745
54.0000 10.2968
54.5000 10.5216
55.0000 10.7489
55.5000 10.9787
56.0000 11.2109
56.5000 11.4457
57.0000 11.6828
57.5000 11.9225
58.0000 12.1645
58.5000 12.4090
59.0000 12.6558
59.5000 12.9051
60.0000 13.1567
60.5000 13.4106
61.0000 13.6668
61.5000 13.9254
62.0000 14.1862
62.5000 14.4493
63.0000 14.7145
63.5000 14.9820
64.0000 15.2517
64.5000 15.5235
65.0000 15.7974
65.5000 16.0734
66.0000 16.3514
66.5000 16.6315
67.0000 16.9135
67.5000 17.1975
68.0000 17.4834
68.5000 17.7711
69.0000 18.0607
69.5000 18.3521
70.0000 18.6452
70.5000 18.9400
71.0000 19.2365
71.5000 19.5345
72.0000 19.8342
72.5000 20.1353
73.0000 20.4380
73.5000 20.7420
74.0000 21.0474
74.5000 21.3541
75.0000 21.6621
75.5000 21.9712
76.0000 22.2815
76.5000 22.5929
77.0000 22.9053
77.5000 23.2187
78.0000 23.5329
78.5000 23.8480
79.0000 24.1639
79.5000 24.4805
80.0000 24.7977
80.5000 25.1155
81.0000 25.4338
81.5000 25.7526
82.0000 26.0717
82.5000 26.3911
83.0000 26.7108
83.5000 27.0306
84.0000 27.3505
84.5000 27.6705
85.0000 27.9903
85.5000 28.3101
86.0000 28.6296
86.5000 28.9489
87.0000 29.2678
87.5000 29.5863
88.0000 29.9043
88.5000 30.2217
89.0000 30.5384
89.5000 30.8544
90.0000 31.1696
90.5000 31.4840
91.0000 31.7973
91.5000 32.1097
92.0000 32.4209
92.5000 32.7310
93.0000 33.0398
93.5000 33.3472
94.0000 33.6533
94.5000 33.9579
95.0000 34.2609
95.5000 34.5623
96.0000 34.8620
96.5000 35.1599
97.0000 35.4560
97.5000 35.7502
98.0000 36.0425
98.5000 36.3326
99.0000 36.6207
99.5000 36.9066
100.0000 37.1903
100.5000 37.4716
101.0000 37.7506
101.5000 38.0271
102.0000 38.3012
102.5000 38.5727
103.0000 38.8416
103.5000 39.1078
104.0000 39.3713
104.5000 39.6321
105.0000 39.8900
105.5000 40.1450
106.0000 40.3971
106.5000 40.6463
107.0000 40.8924
107.5000 41.1354
108.0000 41.3753
108.5000 41.6121
109.0000 41.8456
109.5000 42.0760
110.0000 42.3030
110.5000 42.5267
111.0000 42.7471
111.5000 42.9641
112.0000 43.1777
112.5000 43.3878
113.0000 43.5944
113.5000 43.7976
114.0000 43.9972
114.5000 44.1932
115.0000 44.3857
115.5000 44.5746
116.0000 44.7598
116.5000 44.9414
117.0000 45.1193
117.5000 45.2936
118.0000 45.4642
118.5000 45.6310
119.0000 45.7942
119.5000 45.9536
120.0000 46.1092
120.5000 46.2612
121.0000 46.4093
121.5000 46.5537
122.0000 46.6944
122.5000 46.8312
123.0000 46.9643
123.5000 47.0937
124.0000 47.2192
124.5000 47.3410
125.0000 47.4590
125.5000 47.5733
126.0000 47.6837
126.5000 47.7905
127.0000 47.8935
127.5000 47.9927
128.0000 48.0882
128.5000 48.1800
129.0000 48.2680
129.5000 48.3524
130.0000 48.4331
130.5000 48.5101
131.0000 48.5834
131.5000 48.6531
132.0000 48.7192
132.5000 48.7816
133.0000 48.8405
133.5000 48.8959
134.0000 48.9479
134.5000 48.9964
135.0000 49.0417
135.5000 49.0837
136.0000 49.1226
136.5000 49.1585
137.0000 49.1914
137.5000 49.2215
138.0000 49.2489
138.5000 49.2736
139.0000 49.2959
139.5000 49.3158
140.0000 49.3335
140.5000 49.3491
141.0000 49.3627
141.5000 49.3744
142.0000 49.3845
142.5000 49.3930
143.0000 49.4000
143.5000 49.4057
144.0000 49.4103
144.5000 49.4138
145.0000 49.4164
145.5000 49.4183
146.0000 49.4195
146.5000 49.4203
147.0000 49.4207
147.5000 49.4208
148.0000 49.4208
148.5000 49.4208
149.0000 49.4208
149.5000 49.4208
150.0000 49.4208
150.5000 49.4208
151.0000 49.4208
151.5000 49.4208
152.0000 49.4208
152.5000 49.4208
153.0000 49.4208
153.5000 49.4208
154.0000 49.4208
154.5000 49.4208
155.0000 49.4208
155.5000 49.4208
156.0000 49.4208
156.5000 49.4208
157.0000 49.4208
157.5000 49.4208
158.0000 49.4208
158.5000 49.4208
159.0000 49.4208
159.5000 49.4208
160.0000 49.4208
160.5000 49.4208
161.0000 49.4208
161.5000 49.4208
162.0000 49.4208
162.5000 49.4208
163.0000 49.4208
163.5000 49.4208
164.0000 49.4208
164.5000 49.4208
165.0000 49.4208
165.5000 49.4208
166.0000 49.4208
166.5000 49.4208
167.0000 49.4208
167.5000 49.4208
168.0000 49.4208
168.5000 49.4208
169.0000 49.4208
169.5000 49.4208
170.0000 49.4208
170.5000 49.4208
171.0000 49.4208
171.5000 49.4208
172.0000 49.4208
172.5000 49.4208
173.0000 49.4208
173.5000 49.4208
174.0000 49.4208
174.5000 49.4208
175.0000 49.4208
175.5000 49.4208
176.0000 49.4208
176.5000 49.4208
177.0000 49.4208
177.5000 49.4208
178.0000 49.4208
178.5000 49.4208
179.0000 49.4208
179.5000 49.4208
180.0000 49.4208
180.5000 49.4208
181.0000 49.4208
181.5000 49.4208
182.0000 49.4208
182.5000 49.4208
183.0000 49.4208
183.5000 49.4208
184.0000 49.4208
184.5000 49.4208
185.0000 49.4208
185.5000 49.4208
186.0000 49.4208
186.5000 49.4208
187.0000 49.4208
187.5000 49.4208
188.0000 49.4208
188.5000 49.4208
189.0000 49.4208
189.5000 49.4208
190.0000 49.4208
190.5000 49.4208
191.0000 49.4208
191.5000 49.4208
192.0000 49.4208
192.5000 49.4208
193.0000 49.4208
193.5000 49.4208
194.0000 49.4208
194.5000 49.4208
195.0000 49.4208
195.5000 49.4208
196.0000 49.4208
196.5000 49.4208
197.0000 49.4208
197.5000 49.4208
198.0000 49.4208
198.5000 49.4208
199.0000 49.4208
199.5000 49.4208
200.0000 49.4208
200.5000 49.4208
201.0000 49.4208
201.5000 49.4208
202.0000 49.4208
202.5000 49.4208
203.0000 49.4208
203.5000 49.4208
204.0000 49.4208
204.5000 49.4208
205.0000 49.4208
205.5000 49.4208
206.0000 49.4208
206.5000 49.4208
207.0000 49.4208
207.5000 49.4208
208.0000 49.4208
208.5000 49.4208
209.0000 49.4206
209.5000 49.4202
210.0000 49.4194
210.5000 49.4180
211.0000 49.4160
211.5000 49.4132
212.0000 49.4095
212.5000 49.4048
213.0000 49.3988
213.5000 49.3916
214.0000 49.3829
214.5000 49.3726
215.0000 49.3606
215.5000 49.3468
216.0000 49.3311
216.5000 49.3132
217.0000 49.2932
217.5000 49.2708
218.0000 49.2460
218.5000 49.2188
219.0000 49.1888
219.5000 49.1562
220.0000 49.1208
220.5000 49.0825
221.0000 49.0412
221.5000 48.9968
222.0000 48.9494
222.5000 48.8989
223.0000 48.8451
223.5000 48.7881
224.0000 48.7279
224.5000 48.6643
225.0000 48.5975
225.5000 48.5274
226.0000 48.4539
226.5000 48.3772
227.0000 48.2972
227.5000 48.2138
228.0000 48.1272
228.5000 48.0373
229.0000 47.9441
229.5000 47.8477
230.0000 47.7480
230.5000 47.6451
231.0000 47.5389
231.5000 47.4294
232.0000 47.3168
232.5000 47.2009
233.0000 47.0818
233.5000 46.9595
234.0000 46.8340
234.5000 46.7054
235.0000 46.5736
235.5000 46.4387
236.0000 46.3006
236.5000 46.1594
237.0000 46.0151
237.5000 45.8677
238.0000 45.7173
238.5000 45.5637
239.0000 45.4072
239.5000 45.2476
240.0000 45.0850
240.5000 44.9195
241.0000 44.7510
241.5000 44.5795
242.0000 44.4051
242.5000 44.2278
243.0000 44.0476
243.5000 43.8645
244.0000 43.6786
244.5000 43.4899
245.0000 43.2983
245.5000 43.1040
246.0000 42.9069
246.5000 42.7071
247.0000 42.5046
247.5000 42.2994
248.0000 42.0916
248.5000 41.8811
249.0000 41.6680
249.5000 41.4524
250.0000 41.2342
250.5000 41.0134
251.0000 40.7902
251.5000 40.5645
252.0000 40.3364
252.5000 40.1058
253.0000 39.8729
253.5000 39.6377
254.0000 39.4001
254.5000 39.1602
255.0000 38.9181
255.5000 38.6738
256.0000 38.4272
256.5000 38.1786
257.0000 37.9278
257.5000 37.6749
258.0000 37.4200
258.5000 37.1630
259.0000 36.9041
259.5000 36.6432
260.0000 36.3805
260.5000 36.1159
261.0000 35.8494
261.5000 35.5812
262.0000 35.3112
262.5000 35.0395
263.0000 34.7661
263.5000 34.4911
264.0000 34.2146
264.5000 33.9365
265.0000 33.6569
265.5000 33.3758
266.0000 33.0933
266.5000 32.8095
267.0000 32.5243
267.5000 32.2379
268.0000 31.9502
268.5000 31.6614
269.0000 31.3714
269.5000 31.0804
270.0000 30.7883
270.5000 30.4952
271.0000 30.2012
271.5000 29.9063
272.0000 29.6105
272.5000 29.3140
273.0000 29.0168
273.5000 28.7188
274.0000 28.4202
274.5000 28.1211
275.0000 27.8214
275.5000 27.5213
276.0000 27.2208
276.5000 26.9199
277.0000 26.6187
277.5000 26.3172
278.0000 26.0156
278.5000 25.7138
279.0000 25.4119
279.5000 25.1101
280.0000 24.8082
280.5000 24.5065
281.0000 24.2049
281.5000 23.9035
282.0000 23.6024
282.5000 23.3016
283.0000 23.0011
283.5000 22.7011
284.0000 22.4017
284.5000 22.1027
285.0000 21.8044
285.5000 21.5067
286.0000 21.2098
286.5000 20.9136
287.0000 20.6183
287.5000 20.3239
288.0000 20.0304
288.5000 19.7379
289.0000 19.4465
289.5000 19.1561
290.0000 18.8670
290.5000 18.5791
291.0000 18.2924
291.5000 18.0070
292.0000 17.7231
292.5000 17.4405
293.0000 17.1595
293.5000 16.8799
294.0000 16.6019
294.5000 16.3255
295.0000 16.0508
295.5000 15.7778
296.0000 15.5066
296.5000 15.2371
297.0000 14.9695
297.5000 14.7037
298.0000 14.4399
298.5000 14.1780
299.0000 13.9181
299.5000 13.6602
300.0000 13.4044
300.5000 13.1507
301.0000 12.8992
301.5000 12.6497
302.0000 12.4025
302.5000 12.1575
303.0000 11.9148
303.5000 11.6743
304.0000 11.4361
304.5000 11.2002
305.0000 10.9667
305.5000 10.7356
306.0000 10.5069
306.5000 10.2805
307.0000 10.0566
307.5000 9.8352
308.0000 9.6162
308.5000 9.3997
309.0000 9.1857
309.5000 8.9742
310.0000 8.7653
310.5000 8.5588
311.0000 8.3549
311.5000 8.1536
312.0000 7.9548
312.5000 7.7586
313.0000 7.5649
313.5000 7.3739
314.0000 7.1854
314.5000 6.9995
315.0000 6.8162
315.5000 6.6355
316.0000 6.4574
316.5000 6.2820
317.0000 6.1091
317.5000 5.9388
318.0000 5.7711
318.5000 5.6060
319.0000 5.4435
319.5000 5.2836
320.0000 5.1263
320.5000 4.9715
321.0000 4.8194
321.5000 4.6698
322.0000 4.5228
322.5000 4.3784
323.0000 4.2365
323.5000 4.0972
324.0000 3.9605
324.5000 3.8263
325.0000 3.6946
325.5000 3.5655
326.0000 3.4389
326.5000 3.3148
327.0000 3.1932
327.5000 3.0742
328.0000 2.9576
328.5000 2.8435
329.0000 2.7319
329.5000 2.6227
330.0000 2.5160
330.5000 2.4118
331.0000 2.3100
331.5000 2.2106
332.0000 2.1137
332.5000 2.0191
333.0000 1.9270
333.5000 1.8373
334.0000 1.7500
334.5000 1.6650
335.0000 1.5824
335.5000 1.5022
336.0000 1.4243
336.5000 1.3488
337.0000 1.2756
337.5000 1.2047
338.0000 1.1362
338.5000 1.0699
339.0000 1.0060
339.5000 0.9443
340.0000 0.8848
340.5000 0.8276
341.0000 0.7727
341.5000 0.7199
342.0000 0.6693
342.5000 0.6209
343.0000 0.5746
343.5000 0.5304
344.0000 0.4883
344.5000 0.4483
345.0000 0.4103
345.5000 0.3743
346.0000 0.3403
346.5000 0.3082
347.0000 0.2780
347.5000 0.2497
348.0000 0.2232
348.5000 0.1985
349.0000 0.1755
349.5000 0.1543
350.0000 0.1347
350.5000 0.1168
351.0000 0.1004
351.5000 0.0855
352.0000 0.0721
352.5000 0.0601
353.0000 0.0494
353.5000 0.0400
354.0000 0.0318
354.5000 0.0248
355.0000 0.0189
355.5000 0.0139
356.0000 0.0099
356.5000 0.0067
357.0000 0.0043
357.5000 0.0025
358.0000 0.0013
358.5000 0.0006
359.0000 0.0002
359.5000 0.0000
